Datum (Ortszeit);Stunde des Tages (Ortszeit);Vollständigkeit;ZScore_Det0;ZScore_Det1;ZScore_Det2;hist_cor;localTime;month;qkfz;qlkw;qpkw;utc;vkfz;vlkw;vpkw
2024-06-01;0;NaN;NaN;NaN;NaN;NaN;NaN;NaN;NaN;NaN;NaN;2024-05-31 22:00:00+00:00;NaN;NaN;NaN
2024-06-01;1;NaN;NaN;NaN;NaN;NaN;NaN;NaN;NaN;NaN;NaN;2024-05-31 23:00:00+00:00;NaN;NaN;NaN
2024-06-01;2;NaN;NaN;NaN;NaN;NaN;NaN;NaN;NaN;NaN;NaN;2024-06-01 00:00:00+00:00;NaN;NaN;NaN
2024-06-01;3;NaN;NaN;NaN;NaN;NaN;NaN;NaN;NaN;NaN;NaN;2024-06-01 01:00:00+00:00;NaN;NaN;NaN
2024-06-01;4;NaN;NaN;NaN;NaN;NaN;NaN;NaN;NaN;NaN;NaN;2024-06-01 02:00:00+00:00;NaN;NaN;NaN
2024-06-01;5;NaN;NaN;NaN;NaN;NaN;NaN;NaN;NaN;NaN;NaN;2024-06-01 03:00:00+00:00;NaN;NaN;NaN
2024-06-01;6;NaN;NaN;NaN;NaN;NaN;NaN;NaN;NaN;NaN;NaN;2024-06-01 04:00:00+00:00;NaN;NaN;NaN
2024-06-01;7;NaN;NaN;NaN;NaN;NaN;NaN;NaN;NaN;NaN;NaN;2024-06-01 05:00:00+00:00;NaN;NaN;NaN
2024-06-01;8;NaN;NaN;NaN;NaN;NaN;NaN;NaN;NaN;NaN;NaN;2024-06-01 06:00:00+00:00;NaN;NaN;NaN
2024-06-01;9;NaN;NaN;NaN;NaN;NaN;NaN;NaN;NaN;NaN;NaN;2024-06-01 07:00:00+00:00;NaN;NaN;NaN
2024-06-01;10;NaN;NaN;NaN;NaN;NaN;NaN;NaN;NaN;NaN;NaN;2024-06-01 08:00:00+00:00;NaN;NaN;NaN
2024-06-01;11;NaN;NaN;NaN;NaN;NaN;NaN;NaN;NaN;NaN;NaN;2024-06-01 09:00:00+00:00;NaN;NaN;NaN
2024-06-01;12;NaN;NaN;NaN;NaN;NaN;NaN;NaN;NaN;NaN;NaN;2024-06-01 10:00:00+00:00;NaN;NaN;NaN
2024-06-01;13;NaN;NaN;NaN;NaN;NaN;NaN;NaN;NaN;NaN;NaN;2024-06-01 11:00:00+00:00;NaN;NaN;NaN
2024-06-01;14;NaN;NaN;NaN;NaN;NaN;NaN;NaN;NaN;NaN;NaN;2024-06-01 12:00:00+00:00;NaN;NaN;NaN
2024-06-01;15;NaN;NaN;NaN;NaN;NaN;NaN;NaN;NaN;NaN;NaN;2024-06-01 13:00:00+00:00;NaN;NaN;NaN
2024-06-01;16;NaN;NaN;NaN;NaN;NaN;NaN;NaN;NaN;NaN;NaN;2024-06-01 14:00:00+00:00;NaN;NaN;NaN
2024-06-01;17;NaN;NaN;NaN;NaN;NaN;NaN;NaN;NaN;NaN;NaN;2024-06-01 15:00:00+00:00;NaN;NaN;NaN
2024-06-01;18;NaN;NaN;NaN;NaN;NaN;NaN;NaN;NaN;NaN;NaN;2024-06-01 16:00:00+00:00;NaN;NaN;NaN
2024-06-01;19;NaN;NaN;NaN;NaN;NaN;NaN;NaN;NaN;NaN;NaN;2024-06-01 17:00:00+00:00;NaN;NaN;NaN
2024-06-01;20;NaN;NaN;NaN;NaN;NaN;NaN;NaN;NaN;NaN;NaN;2024-06-01 18:00:00+00:00;NaN;NaN;NaN
2024-06-01;21;NaN;NaN;NaN;NaN;NaN;NaN;NaN;NaN;NaN;NaN;2024-06-01 19:00:00+00:00;NaN;NaN;NaN
2024-06-01;22;NaN;NaN;NaN;NaN;NaN;NaN;NaN;NaN;NaN;NaN;2024-06-01 20:00:00+00:00;NaN;NaN;NaN
2024-06-01;23;NaN;NaN;NaN;NaN;NaN;NaN;NaN;NaN;NaN;NaN;2024-06-01 21:00:00+00:00;NaN;NaN;NaN
2024-06-01;0;42.00;0.39;0.00;1.31;0.88;2024-06-01 00:00:00+02:00;5.00;137.00;115.00;22.00;2024-05-31 22:00:00+00:00;91.00;91.00;92.00
2024-06-01;1;25.00;0.39;0.00;1.31;0.88;2024-06-01 01:00:00+02:00;5.00;96.00;84.00;12.00;2024-05-31 23:00:00+00:00;91.00;91.00;91.00
2024-06-01;2;8.00;0.40;0.00;-0.28;0.91;2024-06-01 02:00:00+02:00;6.00;72.00;60.00;12.00;2024-06-01 00:00:00+00:00;92.00;92.00;92.00
2024-06-01;3;50.00;0.40;0.00;-0.28;0.91;2024-06-01 03:00:00+02:00;6.00;40.00;34.00;6.00;2024-06-01 01:00:00+00:00;94.00;94.00;93.00
2024-06-01;4;33.00;0.40;0.00;-0.28;0.91;2024-06-01 04:00:00+02:00;6.00;51.00;36.00;15.00;2024-06-01 02:00:00+00:00;93.00;93.00;93.00
2024-06-01;5;33.00;0.40;0.00;-0.28;0.91;2024-06-01 05:00:00+02:00;6.00;45.00;36.00;9.00;2024-06-01 03:00:00+00:00;94.00;95.00;93.00
2024-06-01;6;17.00;0.40;0.00;-0.28;0.91;2024-06-01 06:00:00+02:00;6.00;114.00;90.00;24.00;2024-06-01 04:00:00+00:00;92.00;92.00;92.00
2024-06-01;7;17.00;0.40;0.00;-0.28;0.91;2024-06-01 07:00:00+02:00;6.00;138.00;126.00;12.00;2024-06-01 05:00:00+00:00;91.00;91.00;91.00
2024-06-01;8;25.00;0.40;0.00;-0.28;0.91;2024-06-01 08:00:00+02:00;6.00;128.00;120.00;8.00;2024-06-01 06:00:00+00:00;94.00;94.00;91.00
2024-06-01;9;42.00;0.40;0.00;-0.28;0.91;2024-06-01 09:00:00+02:00;6.00;276.00;254.00;22.00;2024-06-01 07:00:00+00:00;93.00;93.00;91.00
2024-06-01;10;25.00;0.40;0.00;-0.28;0.91;2024-06-01 10:00:00+02:00;6.00;396.00;380.00;16.00;2024-06-01 08:00:00+00:00;90.00;90.00;90.00
2024-06-01;13;25.00;0.40;0.00;-0.28;0.91;2024-06-01 13:00:00+02:00;6.00;484.00;464.00;20.00;2024-06-01 11:00:00+00:00;90.00;90.00;90.00
2024-06-01;17;17.00;0.40;0.00;-0.28;0.91;2024-06-01 17:00:00+02:00;6.00;384.00;372.00;12.00;2024-06-01 15:00:00+00:00;90.00;90.00;90.00
2024-06-01;18;50.00;0.40;0.00;-0.28;0.91;2024-06-01 18:00:00+02:00;6.00;478.00;454.00;24.00;2024-06-01 16:00:00+00:00;90.00;90.00;91.00
2024-06-01;19;50.00;0.40;0.00;-0.28;0.91;2024-06-01 19:00:00+02:00;6.00;458.00;430.00;28.00;2024-06-01 17:00:00+00:00;90.00;90.00;91.00
2024-06-01;20;75.00;0.40;0.00;-0.28;0.91;2024-06-01 20:00:00+02:00;6.00;348.00;325.00;23.00;2024-06-01 18:00:00+00:00;91.00;91.00;91.00
2024-06-01;21;17.00;0.40;0.00;-0.28;0.91;2024-06-01 21:00:00+02:00;6.00;222.00;210.00;12.00;2024-06-01 19:00:00+00:00;90.00;90.00;90.00
2024-06-02;0;NaN;NaN;NaN;NaN;NaN;NaN;NaN;NaN;NaN;NaN;2024-06-01 22:00:00+00:00;NaN;NaN;NaN
2024-06-02;1;NaN;NaN;NaN;NaN;NaN;NaN;NaN;NaN;NaN;NaN;2024-06-01 23:00:00+00:00;NaN;NaN;NaN
2024-06-02;2;NaN;NaN;NaN;NaN;NaN;NaN;NaN;NaN;NaN;NaN;2024-06-02 00:00:00+00:00;NaN;NaN;NaN
2024-06-02;3;NaN;NaN;NaN;NaN;NaN;NaN;NaN;NaN;NaN;NaN;2024-06-02 01:00:00+00:00;NaN;NaN;NaN
2024-06-02;4;NaN;NaN;NaN;NaN;NaN;NaN;NaN;NaN;NaN;NaN;2024-06-02 02:00:00+00:00;NaN;NaN;NaN
2024-06-02;5;NaN;NaN;NaN;NaN;NaN;NaN;NaN;NaN;NaN;NaN;2024-06-02 03:00:00+00:00;NaN;NaN;NaN
2024-06-02;6;NaN;NaN;NaN;NaN;NaN;NaN;NaN;NaN;NaN;NaN;2024-06-02 04:00:00+00:00;NaN;NaN;NaN
2024-06-02;7;NaN;NaN;NaN;NaN;NaN;NaN;NaN;NaN;NaN;NaN;2024-06-02 05:00:00+00:00;NaN;NaN;NaN
2024-06-02;8;NaN;NaN;NaN;NaN;NaN;NaN;NaN;NaN;NaN;NaN;2024-06-02 06:00:00+00:00;NaN;NaN;NaN
2024-06-02;9;NaN;NaN;NaN;NaN;NaN;NaN;NaN;NaN;NaN;NaN;2024-06-02 07:00:00+00:00;NaN;NaN;NaN
2024-06-02;10;NaN;NaN;NaN;NaN;NaN;NaN;NaN;NaN;NaN;NaN;2024-06-02 08:00:00+00:00;NaN;NaN;NaN
2024-06-02;11;NaN;NaN;NaN;NaN;NaN;NaN;NaN;NaN;NaN;NaN;2024-06-02 09:00:00+00:00;NaN;NaN;NaN
2024-06-02;12;NaN;NaN;NaN;NaN;NaN;NaN;NaN;NaN;NaN;NaN;2024-06-02 10:00:00+00:00;NaN;NaN;NaN
2024-06-02;13;NaN;NaN;NaN;NaN;NaN;NaN;NaN;NaN;NaN;NaN;2024-06-02 11:00:00+00:00;NaN;NaN;NaN
2024-06-02;14;NaN;NaN;NaN;NaN;NaN;NaN;NaN;NaN;NaN;NaN;2024-06-02 12:00:00+00:00;NaN;NaN;NaN
2024-06-02;15;NaN;NaN;NaN;NaN;NaN;NaN;NaN;NaN;NaN;NaN;2024-06-02 13:00:00+00:00;NaN;NaN;NaN
2024-06-02;16;NaN;NaN;NaN;NaN;NaN;NaN;NaN;NaN;NaN;NaN;2024-06-02 14:00:00+00:00;NaN;NaN;NaN
2024-06-02;17;NaN;NaN;NaN;NaN;NaN;NaN;NaN;NaN;NaN;NaN;2024-06-02 15:00:00+00:00;NaN;NaN;NaN
2024-06-02;18;NaN;NaN;NaN;NaN;NaN;NaN;NaN;NaN;NaN;NaN;2024-06-02 16:00:00+00:00;NaN;NaN;NaN
2024-06-02;19;NaN;NaN;NaN;NaN;NaN;NaN;NaN;NaN;NaN;NaN;2024-06-02 17:00:00+00:00;NaN;NaN;NaN
2024-06-02;20;NaN;NaN;NaN;NaN;NaN;NaN;NaN;NaN;NaN;NaN;2024-06-02 18:00:00+00:00;NaN;NaN;NaN
2024-06-02;21;NaN;NaN;NaN;NaN;NaN;NaN;NaN;NaN;NaN;NaN;2024-06-02 19:00:00+00:00;NaN;NaN;NaN
2024-06-02;22;NaN;NaN;NaN;NaN;NaN;NaN;NaN;NaN;NaN;NaN;2024-06-02 20:00:00+00:00;NaN;NaN;NaN
2024-06-02;23;NaN;NaN;NaN;NaN;NaN;NaN;NaN;NaN;NaN;NaN;2024-06-02 21:00:00+00:00;NaN;NaN;NaN
2024-06-02;0;17.00;0.40;0.00;-0.28;0.91;2024-06-02 00:00:00+02:00;6.00;162.00;144.00;18.00;2024-06-01 22:00:00+00:00;91.00;91.00;91.00
2024-06-02;1;17.00;0.40;0.00;-0.28;0.91;2024-06-02 01:00:00+02:00;6.00;114.00;96.00;18.00;2024-06-01 23:00:00+00:00;91.00;91.00;92.00
2024-06-02;2;33.00;0.08;0.00;1.38;0.82;2024-06-02 02:00:00+02:00;6.00;90.00;81.00;9.00;2024-06-02 00:00:00+00:00;92.00;92.00;91.00
2024-06-02;3;8.00;0.08;0.00;1.38;0.82;2024-06-02 03:00:00+02:00;6.00;48.00;36.00;12.00;2024-06-02 01:00:00+00:00;93.00;93.00;93.00
2024-06-02;4;33.00;0.08;0.00;1.38;0.82;2024-06-02 04:00:00+02:00;6.00;27.00;24.00;3.00;2024-06-02 02:00:00+00:00;98.00;99.00;95.00
2024-06-02;5;8.00;0.08;0.00;1.38;0.82;2024-06-02 05:00:00+02:00;6.00;24.00;24.00;0.00;2024-06-02 03:00:00+00:00;99.00;99.00;NaN
2024-06-02;6;25.00;0.08;0.00;1.38;0.82;2024-06-02 06:00:00+02:00;6.00;52.00;40.00;12.00;2024-06-02 04:00:00+00:00;97.00;98.00;95.00
2024-06-02;7;42.00;0.08;0.00;1.38;0.82;2024-06-02 07:00:00+02:00;6.00;70.00;65.00;5.00;2024-06-02 05:00:00+00:00;96.00;96.00;92.00
2024-06-02;8;33.00;0.08;0.00;1.38;0.82;2024-06-02 08:00:00+02:00;6.00;87.00;75.00;12.00;2024-06-02 06:00:00+00:00;91.00;91.00;92.00
2024-06-02;9;33.00;0.08;0.00;1.38;0.82;2024-06-02 09:00:00+02:00;6.00;162.00;150.00;12.00;2024-06-02 07:00:00+00:00;93.00;93.00;91.00
2024-06-02;10;42.00;0.08;0.00;1.38;0.82;2024-06-02 10:00:00+02:00;6.00;223.00;204.00;19.00;2024-06-02 08:00:00+00:00;91.00;91.00;91.00
2024-06-02;11;17.00;0.08;0.00;1.38;0.82;2024-06-02 11:00:00+02:00;6.00;258.00;234.00;24.00;2024-06-02 09:00:00+00:00;91.00;91.00;91.00
2024-06-02;12;42.00;0.08;0.00;1.38;0.82;2024-06-02 12:00:00+02:00;6.00;271.00;254.00;17.00;2024-06-02 10:00:00+00:00;90.00;90.00;91.00
2024-06-02;13;42.00;0.08;0.00;1.38;0.82;2024-06-02 13:00:00+02:00;6.00;401.00;382.00;19.00;2024-06-02 11:00:00+00:00;90.00;90.00;90.00
2024-06-02;14;17.00;0.08;0.00;1.38;0.82;2024-06-02 14:00:00+02:00;6.00;450.00;396.00;54.00;2024-06-02 12:00:00+00:00;91.00;91.00;91.00
2024-06-02;15;25.00;0.08;0.00;1.38;0.82;2024-06-02 15:00:00+02:00;6.00;368.00;356.00;12.00;2024-06-02 13:00:00+00:00;90.00;90.00;90.00
2024-06-02;16;33.00;0.08;0.00;1.38;0.82;2024-06-02 16:00:00+02:00;6.00;234.00;225.00;9.00;2024-06-02 14:00:00+00:00;91.00;91.00;90.00
2024-06-02;17;50.00;0.08;0.00;1.38;0.82;2024-06-02 17:00:00+02:00;6.00;340.00;322.00;18.00;2024-06-02 15:00:00+00:00;90.00;90.00;91.00
2024-06-02;18;58.00;0.08;0.00;1.38;0.82;2024-06-02 18:00:00+02:00;6.00;381.00;367.00;14.00;2024-06-02 16:00:00+00:00;90.00;90.00;90.00
2024-06-02;19;42.00;0.08;0.00;1.38;0.82;2024-06-02 19:00:00+02:00;6.00;310.00;295.00;14.00;2024-06-02 17:00:00+00:00;90.00;90.00;90.00
2024-06-02;20;25.00;0.08;0.00;1.38;0.82;2024-06-02 20:00:00+02:00;6.00;324.00;304.00;20.00;2024-06-02 18:00:00+00:00;91.00;91.00;91.00
2024-06-02;23;17.00;0.08;0.00;1.38;0.82;2024-06-02 23:00:00+02:00;6.00;60.00;48.00;12.00;2024-06-02 21:00:00+00:00;92.00;92.00;92.00
2024-06-03;0;NaN;NaN;NaN;NaN;NaN;NaN;NaN;NaN;NaN;NaN;2024-06-02 22:00:00+00:00;NaN;NaN;NaN
2024-06-03;1;NaN;NaN;NaN;NaN;NaN;NaN;NaN;NaN;NaN;NaN;2024-06-02 23:00:00+00:00;NaN;NaN;NaN
2024-06-03;2;NaN;NaN;NaN;NaN;NaN;NaN;NaN;NaN;NaN;NaN;2024-06-03 00:00:00+00:00;NaN;NaN;NaN
2024-06-03;3;NaN;NaN;NaN;NaN;NaN;NaN;NaN;NaN;NaN;NaN;2024-06-03 01:00:00+00:00;NaN;NaN;NaN
2024-06-03;4;NaN;NaN;NaN;NaN;NaN;NaN;NaN;NaN;NaN;NaN;2024-06-03 02:00:00+00:00;NaN;NaN;NaN
2024-06-03;5;NaN;NaN;NaN;NaN;NaN;NaN;NaN;NaN;NaN;NaN;2024-06-03 03:00:00+00:00;NaN;NaN;NaN
2024-06-03;6;NaN;NaN;NaN;NaN;NaN;NaN;NaN;NaN;NaN;NaN;2024-06-03 04:00:00+00:00;NaN;NaN;NaN
2024-06-03;7;NaN;NaN;NaN;NaN;NaN;NaN;NaN;NaN;NaN;NaN;2024-06-03 05:00:00+00:00;NaN;NaN;NaN
2024-06-03;8;NaN;NaN;NaN;NaN;NaN;NaN;NaN;NaN;NaN;NaN;2024-06-03 06:00:00+00:00;NaN;NaN;NaN
2024-06-03;9;NaN;NaN;NaN;NaN;NaN;NaN;NaN;NaN;NaN;NaN;2024-06-03 07:00:00+00:00;NaN;NaN;NaN
2024-06-03;10;NaN;NaN;NaN;NaN;NaN;NaN;NaN;NaN;NaN;NaN;2024-06-03 08:00:00+00:00;NaN;NaN;NaN
2024-06-03;11;NaN;NaN;NaN;NaN;NaN;NaN;NaN;NaN;NaN;NaN;2024-06-03 09:00:00+00:00;NaN;NaN;NaN
2024-06-03;12;NaN;NaN;NaN;NaN;NaN;NaN;NaN;NaN;NaN;NaN;2024-06-03 10:00:00+00:00;NaN;NaN;NaN
2024-06-03;13;NaN;NaN;NaN;NaN;NaN;NaN;NaN;NaN;NaN;NaN;2024-06-03 11:00:00+00:00;NaN;NaN;NaN
2024-06-03;14;NaN;NaN;NaN;NaN;NaN;NaN;NaN;NaN;NaN;NaN;2024-06-03 12:00:00+00:00;NaN;NaN;NaN
2024-06-03;15;NaN;NaN;NaN;NaN;NaN;NaN;NaN;NaN;NaN;NaN;2024-06-03 13:00:00+00:00;NaN;NaN;NaN
2024-06-03;16;NaN;NaN;NaN;NaN;NaN;NaN;NaN;NaN;NaN;NaN;2024-06-03 14:00:00+00:00;NaN;NaN;NaN
2024-06-03;17;NaN;NaN;NaN;NaN;NaN;NaN;NaN;NaN;NaN;NaN;2024-06-03 15:00:00+00:00;NaN;NaN;NaN
2024-06-03;18;NaN;NaN;NaN;NaN;NaN;NaN;NaN;NaN;NaN;NaN;2024-06-03 16:00:00+00:00;NaN;NaN;NaN
2024-06-03;19;NaN;NaN;NaN;NaN;NaN;NaN;NaN;NaN;NaN;NaN;2024-06-03 17:00:00+00:00;NaN;NaN;NaN
2024-06-03;20;NaN;NaN;NaN;NaN;NaN;NaN;NaN;NaN;NaN;NaN;2024-06-03 18:00:00+00:00;NaN;NaN;NaN
2024-06-03;21;NaN;NaN;NaN;NaN;NaN;NaN;NaN;NaN;NaN;NaN;2024-06-03 19:00:00+00:00;NaN;NaN;NaN
2024-06-03;22;NaN;NaN;NaN;NaN;NaN;NaN;NaN;NaN;NaN;NaN;2024-06-03 20:00:00+00:00;NaN;NaN;NaN
2024-06-03;23;NaN;NaN;NaN;NaN;NaN;NaN;NaN;NaN;NaN;NaN;2024-06-03 21:00:00+00:00;NaN;NaN;NaN
2024-06-03;0;58.00;0.08;0.00;1.38;0.82;2024-06-03 00:00:00+02:00;6.00;65.00;62.00;3.00;2024-06-02 22:00:00+00:00;97.00;98.00;92.00
2024-06-03;1;67.00;0.08;0.00;1.38;0.82;2024-06-03 01:00:00+02:00;6.00;45.00;40.00;4.00;2024-06-02 23:00:00+00:00;95.00;95.00;92.00
2024-06-03;2;42.00;0.37;0.00;1.24;0.92;2024-06-03 02:00:00+02:00;6.00;26.00;26.00;0.00;2024-06-03 00:00:00+00:00;99.00;99.00;NaN
2024-06-03;3;58.00;0.37;0.00;1.24;0.92;2024-06-03 03:00:00+02:00;6.00;21.00;21.00;0.00;2024-06-03 01:00:00+00:00;100.00;100.00;NaN
2024-06-03;4;50.00;0.37;0.00;1.24;0.92;2024-06-03 04:00:00+02:00;6.00;28.00;26.00;2.00;2024-06-03 02:00:00+00:00;97.00;97.00;92.00
2024-06-03;5;50.00;0.37;0.00;1.24;0.92;2024-06-03 05:00:00+02:00;6.00;120.00;104.00;16.00;2024-06-03 03:00:00+00:00;91.00;91.00;91.00
2024-06-03;6;50.00;0.37;0.00;1.24;0.92;2024-06-03 06:00:00+02:00;6.00;252.00;234.00;18.00;2024-06-03 04:00:00+00:00;91.00;91.00;91.00
2024-06-03;7;42.00;0.37;0.00;1.24;0.92;2024-06-03 07:00:00+02:00;6.00;485.00;454.00;31.00;2024-06-03 05:00:00+00:00;91.00;91.00;91.00
2024-06-03;8;42.00;0.37;0.00;1.24;0.92;2024-06-03 08:00:00+02:00;6.00;631.00;607.00;24.00;2024-06-03 06:00:00+00:00;90.00;90.00;90.00
2024-06-03;9;75.00;0.37;0.00;1.24;0.92;2024-06-03 09:00:00+02:00;6.00;580.00;537.00;43.00;2024-06-03 07:00:00+00:00;91.00;91.00;91.00
2024-06-03;10;25.00;0.37;0.00;1.24;0.92;2024-06-03 10:00:00+02:00;6.00;500.00;476.00;24.00;2024-06-03 08:00:00+00:00;90.00;90.00;90.00
2024-06-03;11;58.00;0.37;0.00;1.24;0.92;2024-06-03 11:00:00+02:00;6.00;509.00;483.00;26.00;2024-06-03 09:00:00+00:00;90.00;90.00;91.00
2024-06-03;12;50.00;0.37;0.00;1.24;0.92;2024-06-03 12:00:00+02:00;6.00;468.00;450.00;18.00;2024-06-03 10:00:00+00:00;90.00;90.00;90.00
2024-06-03;13;83.00;0.37;0.00;1.24;0.92;2024-06-03 13:00:00+02:00;6.00;488.00;464.00;24.00;2024-06-03 11:00:00+00:00;90.00;90.00;91.00
2024-06-03;14;67.00;0.37;0.00;1.24;0.92;2024-06-03 14:00:00+02:00;6.00;548.00;524.00;24.00;2024-06-03 12:00:00+00:00;90.00;90.00;90.00
2024-06-03;15;50.00;0.37;0.00;1.24;0.92;2024-06-03 15:00:00+02:00;6.00;522.00;498.00;24.00;2024-06-03 13:00:00+00:00;90.00;90.00;91.00
2024-06-03;16;67.00;0.37;0.00;1.24;0.92;2024-06-03 16:00:00+02:00;6.00;536.00;506.00;30.00;2024-06-03 14:00:00+00:00;91.00;91.00;91.00
2024-06-03;17;92.00;0.37;0.00;1.24;0.92;2024-06-03 17:00:00+02:00;6.00;487.00;463.00;24.00;2024-06-03 15:00:00+00:00;90.00;90.00;91.00
2024-06-03;18;50.00;0.37;0.00;1.24;0.92;2024-06-03 18:00:00+02:00;6.00;458.00;438.00;20.00;2024-06-03 16:00:00+00:00;90.00;90.00;91.00
2024-06-03;19;33.00;0.37;0.00;1.24;0.92;2024-06-03 19:00:00+02:00;6.00;351.00;330.00;21.00;2024-06-03 17:00:00+00:00;91.00;91.00;91.00
2024-06-03;20;25.00;0.37;0.00;1.24;0.92;2024-06-03 20:00:00+02:00;6.00;204.00;188.00;16.00;2024-06-03 18:00:00+00:00;91.00;91.00;91.00
2024-06-03;21;33.00;0.37;0.00;1.24;0.92;2024-06-03 21:00:00+02:00;6.00;189.00;177.00;12.00;2024-06-03 19:00:00+00:00;91.00;91.00;91.00
2024-06-03;22;50.00;0.37;0.00;1.24;0.92;2024-06-03 22:00:00+02:00;6.00;162.00;144.00;18.00;2024-06-03 20:00:00+00:00;91.00;91.00;91.00
2024-06-03;23;33.00;0.37;0.00;1.24;0.92;2024-06-03 23:00:00+02:00;6.00;93.00;78.00;15.00;2024-06-03 21:00:00+00:00;91.00;91.00;92.00
2024-06-04;0;NaN;NaN;NaN;NaN;NaN;NaN;NaN;NaN;NaN;NaN;2024-06-03 22:00:00+00:00;NaN;NaN;NaN
2024-06-04;1;NaN;NaN;NaN;NaN;NaN;NaN;NaN;NaN;NaN;NaN;2024-06-03 23:00:00+00:00;NaN;NaN;NaN
2024-06-04;2;NaN;NaN;NaN;NaN;NaN;NaN;NaN;NaN;NaN;NaN;2024-06-04 00:00:00+00:00;NaN;NaN;NaN
2024-06-04;3;NaN;NaN;NaN;NaN;NaN;NaN;NaN;NaN;NaN;NaN;2024-06-04 01:00:00+00:00;NaN;NaN;NaN
2024-06-04;4;NaN;NaN;NaN;NaN;NaN;NaN;NaN;NaN;NaN;NaN;2024-06-04 02:00:00+00:00;NaN;NaN;NaN
2024-06-04;5;NaN;NaN;NaN;NaN;NaN;NaN;NaN;NaN;NaN;NaN;2024-06-04 03:00:00+00:00;NaN;NaN;NaN
2024-06-04;6;NaN;NaN;NaN;NaN;NaN;NaN;NaN;NaN;NaN;NaN;2024-06-04 04:00:00+00:00;NaN;NaN;NaN
2024-06-04;7;NaN;NaN;NaN;NaN;NaN;NaN;NaN;NaN;NaN;NaN;2024-06-04 05:00:00+00:00;NaN;NaN;NaN
2024-06-04;8;NaN;NaN;NaN;NaN;NaN;NaN;NaN;NaN;NaN;NaN;2024-06-04 06:00:00+00:00;NaN;NaN;NaN
2024-06-04;9;NaN;NaN;NaN;NaN;NaN;NaN;NaN;NaN;NaN;NaN;2024-06-04 07:00:00+00:00;NaN;NaN;NaN
2024-06-04;10;NaN;NaN;NaN;NaN;NaN;NaN;NaN;NaN;NaN;NaN;2024-06-04 08:00:00+00:00;NaN;NaN;NaN
2024-06-04;11;NaN;NaN;NaN;NaN;NaN;NaN;NaN;NaN;NaN;NaN;2024-06-04 09:00:00+00:00;NaN;NaN;NaN
2024-06-04;12;NaN;NaN;NaN;NaN;NaN;NaN;NaN;NaN;NaN;NaN;2024-06-04 10:00:00+00:00;NaN;NaN;NaN
2024-06-04;13;NaN;NaN;NaN;NaN;NaN;NaN;NaN;NaN;NaN;NaN;2024-06-04 11:00:00+00:00;NaN;NaN;NaN
2024-06-04;14;NaN;NaN;NaN;NaN;NaN;NaN;NaN;NaN;NaN;NaN;2024-06-04 12:00:00+00:00;NaN;NaN;NaN
2024-06-04;15;NaN;NaN;NaN;NaN;NaN;NaN;NaN;NaN;NaN;NaN;2024-06-04 13:00:00+00:00;NaN;NaN;NaN
2024-06-04;16;NaN;NaN;NaN;NaN;NaN;NaN;NaN;NaN;NaN;NaN;2024-06-04 14:00:00+00:00;NaN;NaN;NaN
2024-06-04;17;NaN;NaN;NaN;NaN;NaN;NaN;NaN;NaN;NaN;NaN;2024-06-04 15:00:00+00:00;NaN;NaN;NaN
2024-06-04;18;NaN;NaN;NaN;NaN;NaN;NaN;NaN;NaN;NaN;NaN;2024-06-04 16:00:00+00:00;NaN;NaN;NaN
2024-06-04;19;NaN;NaN;NaN;NaN;NaN;NaN;NaN;NaN;NaN;NaN;2024-06-04 17:00:00+00:00;NaN;NaN;NaN
2024-06-04;20;NaN;NaN;NaN;NaN;NaN;NaN;NaN;NaN;NaN;NaN;2024-06-04 18:00:00+00:00;NaN;NaN;NaN
2024-06-04;21;NaN;NaN;NaN;NaN;NaN;NaN;NaN;NaN;NaN;NaN;2024-06-04 19:00:00+00:00;NaN;NaN;NaN
2024-06-04;22;NaN;NaN;NaN;NaN;NaN;NaN;NaN;NaN;NaN;NaN;2024-06-04 20:00:00+00:00;NaN;NaN;NaN
2024-06-04;23;NaN;NaN;NaN;NaN;NaN;NaN;NaN;NaN;NaN;NaN;2024-06-04 21:00:00+00:00;NaN;NaN;NaN
2024-06-04;16;67.00;-1.07;0.00;-2.15;0.03;2024-06-04 16:00:00+02:00;6.00;508.00;480.00;28.00;2024-06-04 14:00:00+00:00;90.00;90.00;90.00
2024-06-04;17;50.00;-1.07;0.00;-2.15;0.03;2024-06-04 17:00:00+02:00;6.00;482.00;462.00;20.00;2024-06-04 15:00:00+00:00;90.00;90.00;90.00
2024-06-04;18;17.00;-1.07;0.00;-2.15;0.03;2024-06-04 18:00:00+02:00;6.00;336.00;318.00;18.00;2024-06-04 16:00:00+00:00;91.00;91.00;91.00
2024-06-05;0;NaN;NaN;NaN;NaN;NaN;NaN;NaN;NaN;NaN;NaN;2024-06-04 22:00:00+00:00;NaN;NaN;NaN
2024-06-05;1;NaN;NaN;NaN;NaN;NaN;NaN;NaN;NaN;NaN;NaN;2024-06-04 23:00:00+00:00;NaN;NaN;NaN
2024-06-05;2;NaN;NaN;NaN;NaN;NaN;NaN;NaN;NaN;NaN;NaN;2024-06-05 00:00:00+00:00;NaN;NaN;NaN
2024-06-05;3;NaN;NaN;NaN;NaN;NaN;NaN;NaN;NaN;NaN;NaN;2024-06-05 01:00:00+00:00;NaN;NaN;NaN
2024-06-05;4;NaN;NaN;NaN;NaN;NaN;NaN;NaN;NaN;NaN;NaN;2024-06-05 02:00:00+00:00;NaN;NaN;NaN
2024-06-05;5;NaN;NaN;NaN;NaN;NaN;NaN;NaN;NaN;NaN;NaN;2024-06-05 03:00:00+00:00;NaN;NaN;NaN
2024-06-05;6;NaN;NaN;NaN;NaN;NaN;NaN;NaN;NaN;NaN;NaN;2024-06-05 04:00:00+00:00;NaN;NaN;NaN
2024-06-05;7;NaN;NaN;NaN;NaN;NaN;NaN;NaN;NaN;NaN;NaN;2024-06-05 05:00:00+00:00;NaN;NaN;NaN
2024-06-05;8;NaN;NaN;NaN;NaN;NaN;NaN;NaN;NaN;NaN;NaN;2024-06-05 06:00:00+00:00;NaN;NaN;NaN
2024-06-05;9;NaN;NaN;NaN;NaN;NaN;NaN;NaN;NaN;NaN;NaN;2024-06-05 07:00:00+00:00;NaN;NaN;NaN
2024-06-05;10;NaN;NaN;NaN;NaN;NaN;NaN;NaN;NaN;NaN;NaN;2024-06-05 08:00:00+00:00;NaN;NaN;NaN
2024-06-05;11;NaN;NaN;NaN;NaN;NaN;NaN;NaN;NaN;NaN;NaN;2024-06-05 09:00:00+00:00;NaN;NaN;NaN
2024-06-05;12;NaN;NaN;NaN;NaN;NaN;NaN;NaN;NaN;NaN;NaN;2024-06-05 10:00:00+00:00;NaN;NaN;NaN
2024-06-05;13;NaN;NaN;NaN;NaN;NaN;NaN;NaN;NaN;NaN;NaN;2024-06-05 11:00:00+00:00;NaN;NaN;NaN
2024-06-05;14;NaN;NaN;NaN;NaN;NaN;NaN;NaN;NaN;NaN;NaN;2024-06-05 12:00:00+00:00;NaN;NaN;NaN
2024-06-05;15;NaN;NaN;NaN;NaN;NaN;NaN;NaN;NaN;NaN;NaN;2024-06-05 13:00:00+00:00;NaN;NaN;NaN
2024-06-05;16;NaN;NaN;NaN;NaN;NaN;NaN;NaN;NaN;NaN;NaN;2024-06-05 14:00:00+00:00;NaN;NaN;NaN
2024-06-05;17;NaN;NaN;NaN;NaN;NaN;NaN;NaN;NaN;NaN;NaN;2024-06-05 15:00:00+00:00;NaN;NaN;NaN
2024-06-05;18;NaN;NaN;NaN;NaN;NaN;NaN;NaN;NaN;NaN;NaN;2024-06-05 16:00:00+00:00;NaN;NaN;NaN
2024-06-05;19;NaN;NaN;NaN;NaN;NaN;NaN;NaN;NaN;NaN;NaN;2024-06-05 17:00:00+00:00;NaN;NaN;NaN
2024-06-05;20;NaN;NaN;NaN;NaN;NaN;NaN;NaN;NaN;NaN;NaN;2024-06-05 18:00:00+00:00;NaN;NaN;NaN
2024-06-05;21;NaN;NaN;NaN;NaN;NaN;NaN;NaN;NaN;NaN;NaN;2024-06-05 19:00:00+00:00;NaN;NaN;NaN
2024-06-05;22;NaN;NaN;NaN;NaN;NaN;NaN;NaN;NaN;NaN;NaN;2024-06-05 20:00:00+00:00;NaN;NaN;NaN
2024-06-05;23;NaN;NaN;NaN;NaN;NaN;NaN;NaN;NaN;NaN;NaN;2024-06-05 21:00:00+00:00;NaN;NaN;NaN
2024-06-05;5;17.00;0.31;-1.41;-0.29;0.85;2024-06-05 05:00:00+02:00;6.00;198.00;186.00;12.00;2024-06-05 03:00:00+00:00;91.00;91.00;91.00
2024-06-05;6;42.00;0.31;-1.41;-0.29;0.85;2024-06-05 06:00:00+02:00;6.00;329.00;312.00;17.00;2024-06-05 04:00:00+00:00;91.00;91.00;91.00
2024-06-05;7;42.00;0.31;-1.41;-0.29;0.85;2024-06-05 07:00:00+02:00;6.00;413.00;401.00;12.00;2024-06-05 05:00:00+00:00;90.00;90.00;90.00
2024-06-05;8;67.00;0.31;-1.41;-0.29;0.85;2024-06-05 08:00:00+02:00;6.00;603.00;555.00;48.00;2024-06-05 06:00:00+00:00;91.00;91.00;91.00
2024-06-05;9;33.00;0.31;-1.41;-0.29;0.85;2024-06-05 09:00:00+02:00;6.00;504.00;468.00;36.00;2024-06-05 07:00:00+00:00;91.00;91.00;91.00
2024-06-05;10;67.00;0.31;-1.41;-0.29;0.85;2024-06-05 10:00:00+02:00;6.00;416.00;392.00;24.00;2024-06-05 08:00:00+00:00;91.00;91.00;91.00
2024-06-05;11;17.00;0.31;-1.41;-0.29;0.85;2024-06-05 11:00:00+02:00;6.00;498.00;474.00;24.00;2024-06-05 09:00:00+00:00;91.00;91.00;91.00
2024-06-05;12;58.00;0.31;-1.41;-0.29;0.85;2024-06-05 12:00:00+02:00;6.00;497.00;466.00;31.00;2024-06-05 10:00:00+00:00;90.00;90.00;91.00
2024-06-05;13;67.00;0.31;-1.41;-0.29;0.85;2024-06-05 13:00:00+02:00;6.00;501.00;471.00;30.00;2024-06-05 11:00:00+00:00;91.00;91.00;91.00
2024-06-05;14;25.00;0.31;-1.41;-0.29;0.85;2024-06-05 14:00:00+02:00;6.00;532.00;504.00;28.00;2024-06-05 12:00:00+00:00;90.00;90.00;90.00
2024-06-05;16;8.00;0.31;-1.41;-0.29;0.85;2024-06-05 16:00:00+02:00;6.00;588.00;564.00;24.00;2024-06-05 14:00:00+00:00;90.00;90.00;90.00
2024-06-05;17;58.00;0.31;-1.41;-0.29;0.85;2024-06-05 17:00:00+02:00;6.00;463.00;444.00;19.00;2024-06-05 15:00:00+00:00;90.00;90.00;90.00
2024-06-05;18;42.00;0.31;-1.41;-0.29;0.85;2024-06-05 18:00:00+02:00;6.00;430.00;413.00;17.00;2024-06-05 16:00:00+00:00;90.00;90.00;90.00
2024-06-05;19;33.00;0.31;-1.41;-0.29;0.85;2024-06-05 19:00:00+02:00;6.00;303.00;282.00;21.00;2024-06-05 17:00:00+00:00;91.00;91.00;91.00
2024-06-05;20;25.00;0.31;-1.41;-0.29;0.85;2024-06-05 20:00:00+02:00;6.00;256.00;240.00;16.00;2024-06-05 18:00:00+00:00;91.00;91.00;91.00
2024-06-05;22;33.00;0.31;-1.41;-0.29;0.85;2024-06-05 22:00:00+02:00;6.00;138.00;123.00;15.00;2024-06-05 20:00:00+00:00;91.00;91.00;91.00
2024-06-05;23;58.00;0.31;-1.41;-0.29;0.85;2024-06-05 23:00:00+02:00;6.00;139.00;127.00;12.00;2024-06-05 21:00:00+00:00;92.00;92.00;91.00
2024-06-06;0;NaN;NaN;NaN;NaN;NaN;NaN;NaN;NaN;NaN;NaN;2024-06-05 22:00:00+00:00;NaN;NaN;NaN
2024-06-06;1;NaN;NaN;NaN;NaN;NaN;NaN;NaN;NaN;NaN;NaN;2024-06-05 23:00:00+00:00;NaN;NaN;NaN
2024-06-06;2;NaN;NaN;NaN;NaN;NaN;NaN;NaN;NaN;NaN;NaN;2024-06-06 00:00:00+00:00;NaN;NaN;NaN
2024-06-06;3;NaN;NaN;NaN;NaN;NaN;NaN;NaN;NaN;NaN;NaN;2024-06-06 01:00:00+00:00;NaN;NaN;NaN
2024-06-06;4;NaN;NaN;NaN;NaN;NaN;NaN;NaN;NaN;NaN;NaN;2024-06-06 02:00:00+00:00;NaN;NaN;NaN
2024-06-06;5;NaN;NaN;NaN;NaN;NaN;NaN;NaN;NaN;NaN;NaN;2024-06-06 03:00:00+00:00;NaN;NaN;NaN
2024-06-06;6;NaN;NaN;NaN;NaN;NaN;NaN;NaN;NaN;NaN;NaN;2024-06-06 04:00:00+00:00;NaN;NaN;NaN
2024-06-06;7;NaN;NaN;NaN;NaN;NaN;NaN;NaN;NaN;NaN;NaN;2024-06-06 05:00:00+00:00;NaN;NaN;NaN
2024-06-06;8;NaN;NaN;NaN;NaN;NaN;NaN;NaN;NaN;NaN;NaN;2024-06-06 06:00:00+00:00;NaN;NaN;NaN
2024-06-06;9;NaN;NaN;NaN;NaN;NaN;NaN;NaN;NaN;NaN;NaN;2024-06-06 07:00:00+00:00;NaN;NaN;NaN
2024-06-06;10;NaN;NaN;NaN;NaN;NaN;NaN;NaN;NaN;NaN;NaN;2024-06-06 08:00:00+00:00;NaN;NaN;NaN
2024-06-06;11;NaN;NaN;NaN;NaN;NaN;NaN;NaN;NaN;NaN;NaN;2024-06-06 09:00:00+00:00;NaN;NaN;NaN
2024-06-06;12;NaN;NaN;NaN;NaN;NaN;NaN;NaN;NaN;NaN;NaN;2024-06-06 10:00:00+00:00;NaN;NaN;NaN
2024-06-06;13;NaN;NaN;NaN;NaN;NaN;NaN;NaN;NaN;NaN;NaN;2024-06-06 11:00:00+00:00;NaN;NaN;NaN
2024-06-06;14;NaN;NaN;NaN;NaN;NaN;NaN;NaN;NaN;NaN;NaN;2024-06-06 12:00:00+00:00;NaN;NaN;NaN
2024-06-06;15;NaN;NaN;NaN;NaN;NaN;NaN;NaN;NaN;NaN;NaN;2024-06-06 13:00:00+00:00;NaN;NaN;NaN
2024-06-06;16;NaN;NaN;NaN;NaN;NaN;NaN;NaN;NaN;NaN;NaN;2024-06-06 14:00:00+00:00;NaN;NaN;NaN
2024-06-06;17;NaN;NaN;NaN;NaN;NaN;NaN;NaN;NaN;NaN;NaN;2024-06-06 15:00:00+00:00;NaN;NaN;NaN
2024-06-06;18;NaN;NaN;NaN;NaN;NaN;NaN;NaN;NaN;NaN;NaN;2024-06-06 16:00:00+00:00;NaN;NaN;NaN
2024-06-06;19;NaN;NaN;NaN;NaN;NaN;NaN;NaN;NaN;NaN;NaN;2024-06-06 17:00:00+00:00;NaN;NaN;NaN
2024-06-06;20;NaN;NaN;NaN;NaN;NaN;NaN;NaN;NaN;NaN;NaN;2024-06-06 18:00:00+00:00;NaN;NaN;NaN
2024-06-06;21;NaN;NaN;NaN;NaN;NaN;NaN;NaN;NaN;NaN;NaN;2024-06-06 19:00:00+00:00;NaN;NaN;NaN
2024-06-06;22;NaN;NaN;NaN;NaN;NaN;NaN;NaN;NaN;NaN;NaN;2024-06-06 20:00:00+00:00;NaN;NaN;NaN
2024-06-06;23;NaN;NaN;NaN;NaN;NaN;NaN;NaN;NaN;NaN;NaN;2024-06-06 21:00:00+00:00;NaN;NaN;NaN
2024-06-06;0;42.00;0.31;-1.41;-0.29;0.85;2024-06-06 00:00:00+02:00;6.00;84.00;70.00;14.00;2024-06-05 22:00:00+00:00;91.00;91.00;92.00
2024-06-06;1;17.00;0.31;-1.41;-0.29;0.85;2024-06-06 01:00:00+02:00;6.00;42.00;30.00;12.00;2024-06-05 23:00:00+00:00;92.00;92.00;92.00
2024-06-06;2;25.00;0.41;-1.41;2.10;0.92;2024-06-06 02:00:00+02:00;6.00;52.00;44.00;8.00;2024-06-06 00:00:00+00:00;93.00;93.00;92.00
2024-06-06;3;58.00;0.41;-1.41;2.10;0.92;2024-06-06 03:00:00+02:00;6.00;27.00;19.00;9.00;2024-06-06 01:00:00+00:00;93.00;94.00;93.00
2024-06-06;8;33.00;0.41;-1.41;2.10;0.92;2024-06-06 08:00:00+02:00;6.00;642.00;594.00;48.00;2024-06-06 06:00:00+00:00;90.00;90.00;91.00
2024-06-06;9;33.00;0.41;-1.41;2.10;0.92;2024-06-06 09:00:00+02:00;6.00;522.00;474.00;48.00;2024-06-06 07:00:00+00:00;91.00;91.00;91.00
2024-06-06;10;58.00;0.41;-1.41;2.10;0.92;2024-06-06 10:00:00+02:00;6.00;478.00;449.00;29.00;2024-06-06 08:00:00+00:00;90.00;90.00;91.00
2024-06-06;11;50.00;0.41;-1.41;2.10;0.92;2024-06-06 11:00:00+02:00;6.00;562.00;524.00;38.00;2024-06-06 09:00:00+00:00;90.00;90.00;91.00
2024-06-07;0;NaN;NaN;NaN;NaN;NaN;NaN;NaN;NaN;NaN;NaN;2024-06-06 22:00:00+00:00;NaN;NaN;NaN
2024-06-07;1;NaN;NaN;NaN;NaN;NaN;NaN;NaN;NaN;NaN;NaN;2024-06-06 23:00:00+00:00;NaN;NaN;NaN
2024-06-07;2;NaN;NaN;NaN;NaN;NaN;NaN;NaN;NaN;NaN;NaN;2024-06-07 00:00:00+00:00;NaN;NaN;NaN
2024-06-07;3;NaN;NaN;NaN;NaN;NaN;NaN;NaN;NaN;NaN;NaN;2024-06-07 01:00:00+00:00;NaN;NaN;NaN
2024-06-07;4;NaN;NaN;NaN;NaN;NaN;NaN;NaN;NaN;NaN;NaN;2024-06-07 02:00:00+00:00;NaN;NaN;NaN
2024-06-07;5;NaN;NaN;NaN;NaN;NaN;NaN;NaN;NaN;NaN;NaN;2024-06-07 03:00:00+00:00;NaN;NaN;NaN
2024-06-07;6;NaN;NaN;NaN;NaN;NaN;NaN;NaN;NaN;NaN;NaN;2024-06-07 04:00:00+00:00;NaN;NaN;NaN
2024-06-07;7;NaN;NaN;NaN;NaN;NaN;NaN;NaN;NaN;NaN;NaN;2024-06-07 05:00:00+00:00;NaN;NaN;NaN
2024-06-07;8;NaN;NaN;NaN;NaN;NaN;NaN;NaN;NaN;NaN;NaN;2024-06-07 06:00:00+00:00;NaN;NaN;NaN
2024-06-07;9;NaN;NaN;NaN;NaN;NaN;NaN;NaN;NaN;NaN;NaN;2024-06-07 07:00:00+00:00;NaN;NaN;NaN
2024-06-07;10;NaN;NaN;NaN;NaN;NaN;NaN;NaN;NaN;NaN;NaN;2024-06-07 08:00:00+00:00;NaN;NaN;NaN
2024-06-07;11;NaN;NaN;NaN;NaN;NaN;NaN;NaN;NaN;NaN;NaN;2024-06-07 09:00:00+00:00;NaN;NaN;NaN
2024-06-07;12;NaN;NaN;NaN;NaN;NaN;NaN;NaN;NaN;NaN;NaN;2024-06-07 10:00:00+00:00;NaN;NaN;NaN
2024-06-07;13;NaN;NaN;NaN;NaN;NaN;NaN;NaN;NaN;NaN;NaN;2024-06-07 11:00:00+00:00;NaN;NaN;NaN
2024-06-07;14;NaN;NaN;NaN;NaN;NaN;NaN;NaN;NaN;NaN;NaN;2024-06-07 12:00:00+00:00;NaN;NaN;NaN
2024-06-07;15;NaN;NaN;NaN;NaN;NaN;NaN;NaN;NaN;NaN;NaN;2024-06-07 13:00:00+00:00;NaN;NaN;NaN
2024-06-07;16;NaN;NaN;NaN;NaN;NaN;NaN;NaN;NaN;NaN;NaN;2024-06-07 14:00:00+00:00;NaN;NaN;NaN
2024-06-07;17;NaN;NaN;NaN;NaN;NaN;NaN;NaN;NaN;NaN;NaN;2024-06-07 15:00:00+00:00;NaN;NaN;NaN
2024-06-07;18;NaN;NaN;NaN;NaN;NaN;NaN;NaN;NaN;NaN;NaN;2024-06-07 16:00:00+00:00;NaN;NaN;NaN
2024-06-07;19;NaN;NaN;NaN;NaN;NaN;NaN;NaN;NaN;NaN;NaN;2024-06-07 17:00:00+00:00;NaN;NaN;NaN
2024-06-07;20;NaN;NaN;NaN;NaN;NaN;NaN;NaN;NaN;NaN;NaN;2024-06-07 18:00:00+00:00;NaN;NaN;NaN
2024-06-07;21;NaN;NaN;NaN;NaN;NaN;NaN;NaN;NaN;NaN;NaN;2024-06-07 19:00:00+00:00;NaN;NaN;NaN
2024-06-07;22;NaN;NaN;NaN;NaN;NaN;NaN;NaN;NaN;NaN;NaN;2024-06-07 20:00:00+00:00;NaN;NaN;NaN
2024-06-07;23;NaN;NaN;NaN;NaN;NaN;NaN;NaN;NaN;NaN;NaN;2024-06-07 21:00:00+00:00;NaN;NaN;NaN
2024-06-07;6;58.00;-1.28;0.00;-1.56;0.74;2024-06-07 06:00:00+02:00;6.00;293.00;267.00;26.00;2024-06-07 04:00:00+00:00;91.00;91.00;91.00
2024-06-07;7;75.00;-1.28;0.00;-1.56;0.74;2024-06-07 07:00:00+02:00;6.00;397.00;371.00;27.00;2024-06-07 05:00:00+00:00;91.00;91.00;91.00
2024-06-07;8;42.00;-1.28;0.00;-1.56;0.74;2024-06-07 08:00:00+02:00;6.00;581.00;540.00;41.00;2024-06-07 06:00:00+00:00;91.00;91.00;91.00
2024-06-07;9;42.00;-1.28;0.00;-1.56;0.74;2024-06-07 09:00:00+02:00;6.00;492.00;454.00;38.00;2024-06-07 07:00:00+00:00;91.00;91.00;91.00
2024-06-07;10;42.00;-1.28;0.00;-1.56;0.74;2024-06-07 10:00:00+02:00;6.00;492.00;456.00;36.00;2024-06-07 08:00:00+00:00;91.00;91.00;91.00
2024-06-07;11;8.00;-1.28;0.00;-1.56;0.74;2024-06-07 11:00:00+02:00;6.00;444.00;408.00;36.00;2024-06-07 09:00:00+00:00;91.00;91.00;91.00
2024-06-08;0;NaN;NaN;NaN;NaN;NaN;NaN;NaN;NaN;NaN;NaN;2024-06-07 22:00:00+00:00;NaN;NaN;NaN
2024-06-08;1;NaN;NaN;NaN;NaN;NaN;NaN;NaN;NaN;NaN;NaN;2024-06-07 23:00:00+00:00;NaN;NaN;NaN
2024-06-08;2;NaN;NaN;NaN;NaN;NaN;NaN;NaN;NaN;NaN;NaN;2024-06-08 00:00:00+00:00;NaN;NaN;NaN
2024-06-08;3;NaN;NaN;NaN;NaN;NaN;NaN;NaN;NaN;NaN;NaN;2024-06-08 01:00:00+00:00;NaN;NaN;NaN
2024-06-08;4;NaN;NaN;NaN;NaN;NaN;NaN;NaN;NaN;NaN;NaN;2024-06-08 02:00:00+00:00;NaN;NaN;NaN
2024-06-08;5;NaN;NaN;NaN;NaN;NaN;NaN;NaN;NaN;NaN;NaN;2024-06-08 03:00:00+00:00;NaN;NaN;NaN
2024-06-08;6;NaN;NaN;NaN;NaN;NaN;NaN;NaN;NaN;NaN;NaN;2024-06-08 04:00:00+00:00;NaN;NaN;NaN
2024-06-08;7;NaN;NaN;NaN;NaN;NaN;NaN;NaN;NaN;NaN;NaN;2024-06-08 05:00:00+00:00;NaN;NaN;NaN
2024-06-08;8;NaN;NaN;NaN;NaN;NaN;NaN;NaN;NaN;NaN;NaN;2024-06-08 06:00:00+00:00;NaN;NaN;NaN
2024-06-08;9;NaN;NaN;NaN;NaN;NaN;NaN;NaN;NaN;NaN;NaN;2024-06-08 07:00:00+00:00;NaN;NaN;NaN
2024-06-08;10;NaN;NaN;NaN;NaN;NaN;NaN;NaN;NaN;NaN;NaN;2024-06-08 08:00:00+00:00;NaN;NaN;NaN
2024-06-08;11;NaN;NaN;NaN;NaN;NaN;NaN;NaN;NaN;NaN;NaN;2024-06-08 09:00:00+00:00;NaN;NaN;NaN
2024-06-08;12;NaN;NaN;NaN;NaN;NaN;NaN;NaN;NaN;NaN;NaN;2024-06-08 10:00:00+00:00;NaN;NaN;NaN
2024-06-08;13;NaN;NaN;NaN;NaN;NaN;NaN;NaN;NaN;NaN;NaN;2024-06-08 11:00:00+00:00;NaN;NaN;NaN
2024-06-08;14;NaN;NaN;NaN;NaN;NaN;NaN;NaN;NaN;NaN;NaN;2024-06-08 12:00:00+00:00;NaN;NaN;NaN
2024-06-08;15;NaN;NaN;NaN;NaN;NaN;NaN;NaN;NaN;NaN;NaN;2024-06-08 13:00:00+00:00;NaN;NaN;NaN
2024-06-08;16;NaN;NaN;NaN;NaN;NaN;NaN;NaN;NaN;NaN;NaN;2024-06-08 14:00:00+00:00;NaN;NaN;NaN
2024-06-08;17;NaN;NaN;NaN;NaN;NaN;NaN;NaN;NaN;NaN;NaN;2024-06-08 15:00:00+00:00;NaN;NaN;NaN
2024-06-08;18;NaN;NaN;NaN;NaN;NaN;NaN;NaN;NaN;NaN;NaN;2024-06-08 16:00:00+00:00;NaN;NaN;NaN
2024-06-08;19;NaN;NaN;NaN;NaN;NaN;NaN;NaN;NaN;NaN;NaN;2024-06-08 17:00:00+00:00;NaN;NaN;NaN
2024-06-08;20;NaN;NaN;NaN;NaN;NaN;NaN;NaN;NaN;NaN;NaN;2024-06-08 18:00:00+00:00;NaN;NaN;NaN
2024-06-08;21;NaN;NaN;NaN;NaN;NaN;NaN;NaN;NaN;NaN;NaN;2024-06-08 19:00:00+00:00;NaN;NaN;NaN
2024-06-08;22;NaN;NaN;NaN;NaN;NaN;NaN;NaN;NaN;NaN;NaN;2024-06-08 20:00:00+00:00;NaN;NaN;NaN
2024-06-09;0;NaN;NaN;NaN;NaN;NaN;NaN;NaN;NaN;NaN;NaN;2024-06-08 22:00:00+00:00;NaN;NaN;NaN
2024-06-09;1;NaN;NaN;NaN;NaN;NaN;NaN;NaN;NaN;NaN;NaN;2024-06-08 23:00:00+00:00;NaN;NaN;NaN
2024-06-09;2;NaN;NaN;NaN;NaN;NaN;NaN;NaN;NaN;NaN;NaN;2024-06-09 00:00:00+00:00;NaN;NaN;NaN
2024-06-09;3;NaN;NaN;NaN;NaN;NaN;NaN;NaN;NaN;NaN;NaN;2024-06-09 01:00:00+00:00;NaN;NaN;NaN
2024-06-09;4;NaN;NaN;NaN;NaN;NaN;NaN;NaN;NaN;NaN;NaN;2024-06-09 02:00:00+00:00;NaN;NaN;NaN
2024-06-09;5;NaN;NaN;NaN;NaN;NaN;NaN;NaN;NaN;NaN;NaN;2024-06-09 03:00:00+00:00;NaN;NaN;NaN
2024-06-09;6;NaN;NaN;NaN;NaN;NaN;NaN;NaN;NaN;NaN;NaN;2024-06-09 04:00:00+00:00;NaN;NaN;NaN
2024-06-09;7;NaN;NaN;NaN;NaN;NaN;NaN;NaN;NaN;NaN;NaN;2024-06-09 05:00:00+00:00;NaN;NaN;NaN
2024-06-09;8;NaN;NaN;NaN;NaN;NaN;NaN;NaN;NaN;NaN;NaN;2024-06-09 06:00:00+00:00;NaN;NaN;NaN
2024-06-09;9;NaN;NaN;NaN;NaN;NaN;NaN;NaN;NaN;NaN;NaN;2024-06-09 07:00:00+00:00;NaN;NaN;NaN
2024-06-09;10;NaN;NaN;NaN;NaN;NaN;NaN;NaN;NaN;NaN;NaN;2024-06-09 08:00:00+00:00;NaN;NaN;NaN
2024-06-09;11;NaN;NaN;NaN;NaN;NaN;NaN;NaN;NaN;NaN;NaN;2024-06-09 09:00:00+00:00;NaN;NaN;NaN
2024-06-09;12;NaN;NaN;NaN;NaN;NaN;NaN;NaN;NaN;NaN;NaN;2024-06-09 10:00:00+00:00;NaN;NaN;NaN
2024-06-09;13;NaN;NaN;NaN;NaN;NaN;NaN;NaN;NaN;NaN;NaN;2024-06-09 11:00:00+00:00;NaN;NaN;NaN
2024-06-09;14;NaN;NaN;NaN;NaN;NaN;NaN;NaN;NaN;NaN;NaN;2024-06-09 12:00:00+00:00;NaN;NaN;NaN
2024-06-09;15;NaN;NaN;NaN;NaN;NaN;NaN;NaN;NaN;NaN;NaN;2024-06-09 13:00:00+00:00;NaN;NaN;NaN
2024-06-09;16;NaN;NaN;NaN;NaN;NaN;NaN;NaN;NaN;NaN;NaN;2024-06-09 14:00:00+00:00;NaN;NaN;NaN
2024-06-09;17;NaN;NaN;NaN;NaN;NaN;NaN;NaN;NaN;NaN;NaN;2024-06-09 15:00:00+00:00;NaN;NaN;NaN
2024-06-09;18;NaN;NaN;NaN;NaN;NaN;NaN;NaN;NaN;NaN;NaN;2024-06-09 16:00:00+00:00;NaN;NaN;NaN
2024-06-09;19;NaN;NaN;NaN;NaN;NaN;NaN;NaN;NaN;NaN;NaN;2024-06-09 17:00:00+00:00;NaN;NaN;NaN
2024-06-09;20;NaN;NaN;NaN;NaN;NaN;NaN;NaN;NaN;NaN;NaN;2024-06-09 18:00:00+00:00;NaN;NaN;NaN
2024-06-09;21;NaN;NaN;NaN;NaN;NaN;NaN;NaN;NaN;NaN;NaN;2024-06-09 19:00:00+00:00;NaN;NaN;NaN
2024-06-09;22;NaN;NaN;NaN;NaN;NaN;NaN;NaN;NaN;NaN;NaN;2024-06-09 20:00:00+00:00;NaN;NaN;NaN
2024-06-10;0;NaN;NaN;NaN;NaN;NaN;NaN;NaN;NaN;NaN;NaN;2024-06-09 22:00:00+00:00;NaN;NaN;NaN
2024-06-10;1;NaN;NaN;NaN;NaN;NaN;NaN;NaN;NaN;NaN;NaN;2024-06-09 23:00:00+00:00;NaN;NaN;NaN
2024-06-10;2;NaN;NaN;NaN;NaN;NaN;NaN;NaN;NaN;NaN;NaN;2024-06-10 00:00:00+00:00;NaN;NaN;NaN
2024-06-10;3;NaN;NaN;NaN;NaN;NaN;NaN;NaN;NaN;NaN;NaN;2024-06-10 01:00:00+00:00;NaN;NaN;NaN
2024-06-10;4;NaN;NaN;NaN;NaN;NaN;NaN;NaN;NaN;NaN;NaN;2024-06-10 02:00:00+00:00;NaN;NaN;NaN
2024-06-10;5;NaN;NaN;NaN;NaN;NaN;NaN;NaN;NaN;NaN;NaN;2024-06-10 03:00:00+00:00;NaN;NaN;NaN
2024-06-10;6;NaN;NaN;NaN;NaN;NaN;NaN;NaN;NaN;NaN;NaN;2024-06-10 04:00:00+00:00;NaN;NaN;NaN
2024-06-10;7;NaN;NaN;NaN;NaN;NaN;NaN;NaN;NaN;NaN;NaN;2024-06-10 05:00:00+00:00;NaN;NaN;NaN
2024-06-10;8;NaN;NaN;NaN;NaN;NaN;NaN;NaN;NaN;NaN;NaN;2024-06-10 06:00:00+00:00;NaN;NaN;NaN
2024-06-10;9;NaN;NaN;NaN;NaN;NaN;NaN;NaN;NaN;NaN;NaN;2024-06-10 07:00:00+00:00;NaN;NaN;NaN
2024-06-10;10;NaN;NaN;NaN;NaN;NaN;NaN;NaN;NaN;NaN;NaN;2024-06-10 08:00:00+00:00;NaN;NaN;NaN
2024-06-10;11;NaN;NaN;NaN;NaN;NaN;NaN;NaN;NaN;NaN;NaN;2024-06-10 09:00:00+00:00;NaN;NaN;NaN
2024-06-10;12;NaN;NaN;NaN;NaN;NaN;NaN;NaN;NaN;NaN;NaN;2024-06-10 10:00:00+00:00;NaN;NaN;NaN
2024-06-10;13;NaN;NaN;NaN;NaN;NaN;NaN;NaN;NaN;NaN;NaN;2024-06-10 11:00:00+00:00;NaN;NaN;NaN
2024-06-10;14;NaN;NaN;NaN;NaN;NaN;NaN;NaN;NaN;NaN;NaN;2024-06-10 12:00:00+00:00;NaN;NaN;NaN
2024-06-10;15;NaN;NaN;NaN;NaN;NaN;NaN;NaN;NaN;NaN;NaN;2024-06-10 13:00:00+00:00;NaN;NaN;NaN
2024-06-10;16;NaN;NaN;NaN;NaN;NaN;NaN;NaN;NaN;NaN;NaN;2024-06-10 14:00:00+00:00;NaN;NaN;NaN
2024-06-10;17;NaN;NaN;NaN;NaN;NaN;NaN;NaN;NaN;NaN;NaN;2024-06-10 15:00:00+00:00;NaN;NaN;NaN
2024-06-10;18;NaN;NaN;NaN;NaN;NaN;NaN;NaN;NaN;NaN;NaN;2024-06-10 16:00:00+00:00;NaN;NaN;NaN
2024-06-10;19;NaN;NaN;NaN;NaN;NaN;NaN;NaN;NaN;NaN;NaN;2024-06-10 17:00:00+00:00;NaN;NaN;NaN
2024-06-10;20;NaN;NaN;NaN;NaN;NaN;NaN;NaN;NaN;NaN;NaN;2024-06-10 18:00:00+00:00;NaN;NaN;NaN
2024-06-10;21;NaN;NaN;NaN;NaN;NaN;NaN;NaN;NaN;NaN;NaN;2024-06-10 19:00:00+00:00;NaN;NaN;NaN
2024-06-10;22;NaN;NaN;NaN;NaN;NaN;NaN;NaN;NaN;NaN;NaN;2024-06-10 20:00:00+00:00;NaN;NaN;NaN
2024-06-11;0;NaN;NaN;NaN;NaN;NaN;NaN;NaN;NaN;NaN;NaN;2024-06-10 22:00:00+00:00;NaN;NaN;NaN
2024-06-11;1;NaN;NaN;NaN;NaN;NaN;NaN;NaN;NaN;NaN;NaN;2024-06-10 23:00:00+00:00;NaN;NaN;NaN
2024-06-11;2;NaN;NaN;NaN;NaN;NaN;NaN;NaN;NaN;NaN;NaN;2024-06-11 00:00:00+00:00;NaN;NaN;NaN
2024-06-11;3;NaN;NaN;NaN;NaN;NaN;NaN;NaN;NaN;NaN;NaN;2024-06-11 01:00:00+00:00;NaN;NaN;NaN
2024-06-11;4;NaN;NaN;NaN;NaN;NaN;NaN;NaN;NaN;NaN;NaN;2024-06-11 02:00:00+00:00;NaN;NaN;NaN
2024-06-11;5;NaN;NaN;NaN;NaN;NaN;NaN;NaN;NaN;NaN;NaN;2024-06-11 03:00:00+00:00;NaN;NaN;NaN
2024-06-11;6;NaN;NaN;NaN;NaN;NaN;NaN;NaN;NaN;NaN;NaN;2024-06-11 04:00:00+00:00;NaN;NaN;NaN
2024-06-11;7;NaN;NaN;NaN;NaN;NaN;NaN;NaN;NaN;NaN;NaN;2024-06-11 05:00:00+00:00;NaN;NaN;NaN
2024-06-11;8;NaN;NaN;NaN;NaN;NaN;NaN;NaN;NaN;NaN;NaN;2024-06-11 06:00:00+00:00;NaN;NaN;NaN
2024-06-11;9;NaN;NaN;NaN;NaN;NaN;NaN;NaN;NaN;NaN;NaN;2024-06-11 07:00:00+00:00;NaN;NaN;NaN
2024-06-11;10;NaN;NaN;NaN;NaN;NaN;NaN;NaN;NaN;NaN;NaN;2024-06-11 08:00:00+00:00;NaN;NaN;NaN
2024-06-11;11;NaN;NaN;NaN;NaN;NaN;NaN;NaN;NaN;NaN;NaN;2024-06-11 09:00:00+00:00;NaN;NaN;NaN
2024-06-11;12;NaN;NaN;NaN;NaN;NaN;NaN;NaN;NaN;NaN;NaN;2024-06-11 10:00:00+00:00;NaN;NaN;NaN
2024-06-11;13;NaN;NaN;NaN;NaN;NaN;NaN;NaN;NaN;NaN;NaN;2024-06-11 11:00:00+00:00;NaN;NaN;NaN
2024-06-11;14;NaN;NaN;NaN;NaN;NaN;NaN;NaN;NaN;NaN;NaN;2024-06-11 12:00:00+00:00;NaN;NaN;NaN
2024-06-11;15;NaN;NaN;NaN;NaN;NaN;NaN;NaN;NaN;NaN;NaN;2024-06-11 13:00:00+00:00;NaN;NaN;NaN
2024-06-11;16;NaN;NaN;NaN;NaN;NaN;NaN;NaN;NaN;NaN;NaN;2024-06-11 14:00:00+00:00;NaN;NaN;NaN
2024-06-11;17;NaN;NaN;NaN;NaN;NaN;NaN;NaN;NaN;NaN;NaN;2024-06-11 15:00:00+00:00;NaN;NaN;NaN
2024-06-11;18;NaN;NaN;NaN;NaN;NaN;NaN;NaN;NaN;NaN;NaN;2024-06-11 16:00:00+00:00;NaN;NaN;NaN
2024-06-11;19;NaN;NaN;NaN;NaN;NaN;NaN;NaN;NaN;NaN;NaN;2024-06-11 17:00:00+00:00;NaN;NaN;NaN
2024-06-11;20;NaN;NaN;NaN;NaN;NaN;NaN;NaN;NaN;NaN;NaN;2024-06-11 18:00:00+00:00;NaN;NaN;NaN
2024-06-11;21;NaN;NaN;NaN;NaN;NaN;NaN;NaN;NaN;NaN;NaN;2024-06-11 19:00:00+00:00;NaN;NaN;NaN
2024-06-11;22;NaN;NaN;NaN;NaN;NaN;NaN;NaN;NaN;NaN;NaN;2024-06-11 20:00:00+00:00;NaN;NaN;NaN
2024-06-11;23;NaN;NaN;NaN;NaN;NaN;NaN;NaN;NaN;NaN;NaN;2024-06-11 21:00:00+00:00;NaN;NaN;NaN
2024-06-11;1;33.00;-5.79;0.00;-5.13;0.66;2024-06-11 01:00:00+02:00;6.00;24.00;21.00;3.00;2024-06-10 23:00:00+00:00;96.00;96.00;92.00
2024-06-11;2;42.00;0.37;0.00;1.44;0.90;2024-06-11 02:00:00+02:00;6.00;26.00;24.00;2.00;2024-06-11 00:00:00+00:00;97.00;98.00;93.00
2024-06-11;3;75.00;0.37;0.00;1.44;0.90;2024-06-11 03:00:00+02:00;6.00;20.00;20.00;0.00;2024-06-11 01:00:00+00:00;100.00;100.00;NaN
2024-06-11;4;50.00;0.37;0.00;1.44;0.90;2024-06-11 04:00:00+02:00;6.00;54.00;48.00;6.00;2024-06-11 02:00:00+00:00;94.00;94.00;92.00
2024-06-11;5;33.00;0.37;0.00;1.44;0.90;2024-06-11 05:00:00+02:00;6.00;159.00;135.00;24.00;2024-06-11 03:00:00+00:00;92.00;92.00;92.00
2024-06-11;6;67.00;0.37;0.00;1.44;0.90;2024-06-11 06:00:00+02:00;6.00;260.00;237.00;22.00;2024-06-11 04:00:00+00:00;91.00;91.00;91.00
2024-06-11;7;58.00;0.37;0.00;1.44;0.90;2024-06-11 07:00:00+02:00;6.00;456.00;435.00;21.00;2024-06-11 05:00:00+00:00;90.00;90.00;90.00
2024-06-11;8;33.00;0.37;0.00;1.44;0.90;2024-06-11 08:00:00+02:00;6.00;489.00;471.00;18.00;2024-06-11 06:00:00+00:00;90.00;90.00;91.00
2024-06-11;9;67.00;0.37;0.00;1.44;0.90;2024-06-11 09:00:00+02:00;6.00;532.00;507.00;26.00;2024-06-11 07:00:00+00:00;91.00;91.00;91.00
2024-06-11;10;42.00;0.37;0.00;1.44;0.90;2024-06-11 10:00:00+02:00;6.00;425.00;410.00;14.00;2024-06-11 08:00:00+00:00;90.00;90.00;90.00
2024-06-11;11;50.00;0.37;0.00;1.44;0.90;2024-06-11 11:00:00+02:00;6.00;434.00;414.00;20.00;2024-06-11 09:00:00+00:00;92.00;92.00;91.00
2024-06-11;12;42.00;0.37;0.00;1.44;0.90;2024-06-11 12:00:00+02:00;6.00;403.00;379.00;24.00;2024-06-11 10:00:00+00:00;91.00;91.00;91.00
2024-06-12;0;NaN;NaN;NaN;NaN;NaN;NaN;NaN;NaN;NaN;NaN;2024-06-11 22:00:00+00:00;NaN;NaN;NaN
2024-06-12;1;NaN;NaN;NaN;NaN;NaN;NaN;NaN;NaN;NaN;NaN;2024-06-11 23:00:00+00:00;NaN;NaN;NaN
2024-06-12;2;NaN;NaN;NaN;NaN;NaN;NaN;NaN;NaN;NaN;NaN;2024-06-12 00:00:00+00:00;NaN;NaN;NaN
2024-06-12;3;NaN;NaN;NaN;NaN;NaN;NaN;NaN;NaN;NaN;NaN;2024-06-12 01:00:00+00:00;NaN;NaN;NaN
2024-06-12;4;NaN;NaN;NaN;NaN;NaN;NaN;NaN;NaN;NaN;NaN;2024-06-12 02:00:00+00:00;NaN;NaN;NaN
2024-06-12;5;NaN;NaN;NaN;NaN;NaN;NaN;NaN;NaN;NaN;NaN;2024-06-12 03:00:00+00:00;NaN;NaN;NaN
2024-06-12;6;NaN;NaN;NaN;NaN;NaN;NaN;NaN;NaN;NaN;NaN;2024-06-12 04:00:00+00:00;NaN;NaN;NaN
2024-06-12;7;NaN;NaN;NaN;NaN;NaN;NaN;NaN;NaN;NaN;NaN;2024-06-12 05:00:00+00:00;NaN;NaN;NaN
2024-06-12;8;NaN;NaN;NaN;NaN;NaN;NaN;NaN;NaN;NaN;NaN;2024-06-12 06:00:00+00:00;NaN;NaN;NaN
2024-06-12;9;NaN;NaN;NaN;NaN;NaN;NaN;NaN;NaN;NaN;NaN;2024-06-12 07:00:00+00:00;NaN;NaN;NaN
2024-06-12;10;NaN;NaN;NaN;NaN;NaN;NaN;NaN;NaN;NaN;NaN;2024-06-12 08:00:00+00:00;NaN;NaN;NaN
2024-06-12;11;NaN;NaN;NaN;NaN;NaN;NaN;NaN;NaN;NaN;NaN;2024-06-12 09:00:00+00:00;NaN;NaN;NaN
2024-06-12;12;NaN;NaN;NaN;NaN;NaN;NaN;NaN;NaN;NaN;NaN;2024-06-12 10:00:00+00:00;NaN;NaN;NaN
2024-06-12;13;NaN;NaN;NaN;NaN;NaN;NaN;NaN;NaN;NaN;NaN;2024-06-12 11:00:00+00:00;NaN;NaN;NaN
2024-06-12;14;NaN;NaN;NaN;NaN;NaN;NaN;NaN;NaN;NaN;NaN;2024-06-12 12:00:00+00:00;NaN;NaN;NaN
2024-06-12;15;NaN;NaN;NaN;NaN;NaN;NaN;NaN;NaN;NaN;NaN;2024-06-12 13:00:00+00:00;NaN;NaN;NaN
2024-06-12;16;NaN;NaN;NaN;NaN;NaN;NaN;NaN;NaN;NaN;NaN;2024-06-12 14:00:00+00:00;NaN;NaN;NaN
2024-06-12;17;NaN;NaN;NaN;NaN;NaN;NaN;NaN;NaN;NaN;NaN;2024-06-12 15:00:00+00:00;NaN;NaN;NaN
2024-06-12;18;NaN;NaN;NaN;NaN;NaN;NaN;NaN;NaN;NaN;NaN;2024-06-12 16:00:00+00:00;NaN;NaN;NaN
2024-06-12;19;NaN;NaN;NaN;NaN;NaN;NaN;NaN;NaN;NaN;NaN;2024-06-12 17:00:00+00:00;NaN;NaN;NaN
2024-06-12;20;NaN;NaN;NaN;NaN;NaN;NaN;NaN;NaN;NaN;NaN;2024-06-12 18:00:00+00:00;NaN;NaN;NaN
2024-06-12;21;NaN;NaN;NaN;NaN;NaN;NaN;NaN;NaN;NaN;NaN;2024-06-12 19:00:00+00:00;NaN;NaN;NaN
2024-06-12;22;NaN;NaN;NaN;NaN;NaN;NaN;NaN;NaN;NaN;NaN;2024-06-12 20:00:00+00:00;NaN;NaN;NaN
2024-06-12;23;NaN;NaN;NaN;NaN;NaN;NaN;NaN;NaN;NaN;NaN;2024-06-12 21:00:00+00:00;NaN;NaN;NaN
2024-06-12;7;33.00;0.02;0.00;3.64;-0.95;2024-06-12 07:00:00+02:00;6.00;387.00;375.00;12.00;2024-06-12 05:00:00+00:00;90.00;90.00;90.00
2024-06-12;11;8.00;0.02;0.00;3.64;-0.95;2024-06-12 11:00:00+02:00;6.00;0.00;0.00;0.00;2024-06-12 09:00:00+00:00;NaN;NaN;NaN
2024-06-13;0;NaN;NaN;NaN;NaN;NaN;NaN;NaN;NaN;NaN;NaN;2024-06-12 22:00:00+00:00;NaN;NaN;NaN
2024-06-13;1;NaN;NaN;NaN;NaN;NaN;NaN;NaN;NaN;NaN;NaN;2024-06-12 23:00:00+00:00;NaN;NaN;NaN
2024-06-13;2;NaN;NaN;NaN;NaN;NaN;NaN;NaN;NaN;NaN;NaN;2024-06-13 00:00:00+00:00;NaN;NaN;NaN
2024-06-13;3;NaN;NaN;NaN;NaN;NaN;NaN;NaN;NaN;NaN;NaN;2024-06-13 01:00:00+00:00;NaN;NaN;NaN
2024-06-13;4;NaN;NaN;NaN;NaN;NaN;NaN;NaN;NaN;NaN;NaN;2024-06-13 02:00:00+00:00;NaN;NaN;NaN
2024-06-13;5;NaN;NaN;NaN;NaN;NaN;NaN;NaN;NaN;NaN;NaN;2024-06-13 03:00:00+00:00;NaN;NaN;NaN
2024-06-13;6;NaN;NaN;NaN;NaN;NaN;NaN;NaN;NaN;NaN;NaN;2024-06-13 04:00:00+00:00;NaN;NaN;NaN
2024-06-13;7;NaN;NaN;NaN;NaN;NaN;NaN;NaN;NaN;NaN;NaN;2024-06-13 05:00:00+00:00;NaN;NaN;NaN
2024-06-13;8;NaN;NaN;NaN;NaN;NaN;NaN;NaN;NaN;NaN;NaN;2024-06-13 06:00:00+00:00;NaN;NaN;NaN
2024-06-13;9;NaN;NaN;NaN;NaN;NaN;NaN;NaN;NaN;NaN;NaN;2024-06-13 07:00:00+00:00;NaN;NaN;NaN
2024-06-13;10;NaN;NaN;NaN;NaN;NaN;NaN;NaN;NaN;NaN;NaN;2024-06-13 08:00:00+00:00;NaN;NaN;NaN
2024-06-13;11;NaN;NaN;NaN;NaN;NaN;NaN;NaN;NaN;NaN;NaN;2024-06-13 09:00:00+00:00;NaN;NaN;NaN
2024-06-13;12;NaN;NaN;NaN;NaN;NaN;NaN;NaN;NaN;NaN;NaN;2024-06-13 10:00:00+00:00;NaN;NaN;NaN
2024-06-13;13;NaN;NaN;NaN;NaN;NaN;NaN;NaN;NaN;NaN;NaN;2024-06-13 11:00:00+00:00;NaN;NaN;NaN
2024-06-13;14;NaN;NaN;NaN;NaN;NaN;NaN;NaN;NaN;NaN;NaN;2024-06-13 12:00:00+00:00;NaN;NaN;NaN
2024-06-13;15;NaN;NaN;NaN;NaN;NaN;NaN;NaN;NaN;NaN;NaN;2024-06-13 13:00:00+00:00;NaN;NaN;NaN
2024-06-13;16;NaN;NaN;NaN;NaN;NaN;NaN;NaN;NaN;NaN;NaN;2024-06-13 14:00:00+00:00;NaN;NaN;NaN
2024-06-13;17;NaN;NaN;NaN;NaN;NaN;NaN;NaN;NaN;NaN;NaN;2024-06-13 15:00:00+00:00;NaN;NaN;NaN
2024-06-13;18;NaN;NaN;NaN;NaN;NaN;NaN;NaN;NaN;NaN;NaN;2024-06-13 16:00:00+00:00;NaN;NaN;NaN
2024-06-13;19;NaN;NaN;NaN;NaN;NaN;NaN;NaN;NaN;NaN;NaN;2024-06-13 17:00:00+00:00;NaN;NaN;NaN
2024-06-13;20;NaN;NaN;NaN;NaN;NaN;NaN;NaN;NaN;NaN;NaN;2024-06-13 18:00:00+00:00;NaN;NaN;NaN
2024-06-13;21;NaN;NaN;NaN;NaN;NaN;NaN;NaN;NaN;NaN;NaN;2024-06-13 19:00:00+00:00;NaN;NaN;NaN
2024-06-13;22;NaN;NaN;NaN;NaN;NaN;NaN;NaN;NaN;NaN;NaN;2024-06-13 20:00:00+00:00;NaN;NaN;NaN
2024-06-14;0;NaN;NaN;NaN;NaN;NaN;NaN;NaN;NaN;NaN;NaN;2024-06-13 22:00:00+00:00;NaN;NaN;NaN
2024-06-14;1;NaN;NaN;NaN;NaN;NaN;NaN;NaN;NaN;NaN;NaN;2024-06-13 23:00:00+00:00;NaN;NaN;NaN
2024-06-14;2;NaN;NaN;NaN;NaN;NaN;NaN;NaN;NaN;NaN;NaN;2024-06-14 00:00:00+00:00;NaN;NaN;NaN
2024-06-14;3;NaN;NaN;NaN;NaN;NaN;NaN;NaN;NaN;NaN;NaN;2024-06-14 01:00:00+00:00;NaN;NaN;NaN
2024-06-14;4;NaN;NaN;NaN;NaN;NaN;NaN;NaN;NaN;NaN;NaN;2024-06-14 02:00:00+00:00;NaN;NaN;NaN
2024-06-14;5;NaN;NaN;NaN;NaN;NaN;NaN;NaN;NaN;NaN;NaN;2024-06-14 03:00:00+00:00;NaN;NaN;NaN
2024-06-14;6;NaN;NaN;NaN;NaN;NaN;NaN;NaN;NaN;NaN;NaN;2024-06-14 04:00:00+00:00;NaN;NaN;NaN
2024-06-14;7;NaN;NaN;NaN;NaN;NaN;NaN;NaN;NaN;NaN;NaN;2024-06-14 05:00:00+00:00;NaN;NaN;NaN
2024-06-14;8;NaN;NaN;NaN;NaN;NaN;NaN;NaN;NaN;NaN;NaN;2024-06-14 06:00:00+00:00;NaN;NaN;NaN
2024-06-14;9;NaN;NaN;NaN;NaN;NaN;NaN;NaN;NaN;NaN;NaN;2024-06-14 07:00:00+00:00;NaN;NaN;NaN
2024-06-14;10;NaN;NaN;NaN;NaN;NaN;NaN;NaN;NaN;NaN;NaN;2024-06-14 08:00:00+00:00;NaN;NaN;NaN
2024-06-14;11;NaN;NaN;NaN;NaN;NaN;NaN;NaN;NaN;NaN;NaN;2024-06-14 09:00:00+00:00;NaN;NaN;NaN
2024-06-14;12;NaN;NaN;NaN;NaN;NaN;NaN;NaN;NaN;NaN;NaN;2024-06-14 10:00:00+00:00;NaN;NaN;NaN
2024-06-14;13;NaN;NaN;NaN;NaN;NaN;NaN;NaN;NaN;NaN;NaN;2024-06-14 11:00:00+00:00;NaN;NaN;NaN
2024-06-14;14;NaN;NaN;NaN;NaN;NaN;NaN;NaN;NaN;NaN;NaN;2024-06-14 12:00:00+00:00;NaN;NaN;NaN
2024-06-14;15;NaN;NaN;NaN;NaN;NaN;NaN;NaN;NaN;NaN;NaN;2024-06-14 13:00:00+00:00;NaN;NaN;NaN
2024-06-14;16;NaN;NaN;NaN;NaN;NaN;NaN;NaN;NaN;NaN;NaN;2024-06-14 14:00:00+00:00;NaN;NaN;NaN
2024-06-14;17;NaN;NaN;NaN;NaN;NaN;NaN;NaN;NaN;NaN;NaN;2024-06-14 15:00:00+00:00;NaN;NaN;NaN
2024-06-14;18;NaN;NaN;NaN;NaN;NaN;NaN;NaN;NaN;NaN;NaN;2024-06-14 16:00:00+00:00;NaN;NaN;NaN
2024-06-14;19;NaN;NaN;NaN;NaN;NaN;NaN;NaN;NaN;NaN;NaN;2024-06-14 17:00:00+00:00;NaN;NaN;NaN
2024-06-14;20;NaN;NaN;NaN;NaN;NaN;NaN;NaN;NaN;NaN;NaN;2024-06-14 18:00:00+00:00;NaN;NaN;NaN
2024-06-14;21;NaN;NaN;NaN;NaN;NaN;NaN;NaN;NaN;NaN;NaN;2024-06-14 19:00:00+00:00;NaN;NaN;NaN
2024-06-14;22;NaN;NaN;NaN;NaN;NaN;NaN;NaN;NaN;NaN;NaN;2024-06-14 20:00:00+00:00;NaN;NaN;NaN
2024-06-15;0;NaN;NaN;NaN;NaN;NaN;NaN;NaN;NaN;NaN;NaN;2024-06-14 22:00:00+00:00;NaN;NaN;NaN
2024-06-15;1;NaN;NaN;NaN;NaN;NaN;NaN;NaN;NaN;NaN;NaN;2024-06-14 23:00:00+00:00;NaN;NaN;NaN
2024-06-15;2;NaN;NaN;NaN;NaN;NaN;NaN;NaN;NaN;NaN;NaN;2024-06-15 00:00:00+00:00;NaN;NaN;NaN
2024-06-15;3;NaN;NaN;NaN;NaN;NaN;NaN;NaN;NaN;NaN;NaN;2024-06-15 01:00:00+00:00;NaN;NaN;NaN
2024-06-15;4;NaN;NaN;NaN;NaN;NaN;NaN;NaN;NaN;NaN;NaN;2024-06-15 02:00:00+00:00;NaN;NaN;NaN
2024-06-15;5;NaN;NaN;NaN;NaN;NaN;NaN;NaN;NaN;NaN;NaN;2024-06-15 03:00:00+00:00;NaN;NaN;NaN
2024-06-15;6;NaN;NaN;NaN;NaN;NaN;NaN;NaN;NaN;NaN;NaN;2024-06-15 04:00:00+00:00;NaN;NaN;NaN
2024-06-15;7;NaN;NaN;NaN;NaN;NaN;NaN;NaN;NaN;NaN;NaN;2024-06-15 05:00:00+00:00;NaN;NaN;NaN
2024-06-15;8;NaN;NaN;NaN;NaN;NaN;NaN;NaN;NaN;NaN;NaN;2024-06-15 06:00:00+00:00;NaN;NaN;NaN
2024-06-15;9;NaN;NaN;NaN;NaN;NaN;NaN;NaN;NaN;NaN;NaN;2024-06-15 07:00:00+00:00;NaN;NaN;NaN
2024-06-15;10;NaN;NaN;NaN;NaN;NaN;NaN;NaN;NaN;NaN;NaN;2024-06-15 08:00:00+00:00;NaN;NaN;NaN
2024-06-15;11;NaN;NaN;NaN;NaN;NaN;NaN;NaN;NaN;NaN;NaN;2024-06-15 09:00:00+00:00;NaN;NaN;NaN
2024-06-15;12;NaN;NaN;NaN;NaN;NaN;NaN;NaN;NaN;NaN;NaN;2024-06-15 10:00:00+00:00;NaN;NaN;NaN
2024-06-15;13;NaN;NaN;NaN;NaN;NaN;NaN;NaN;NaN;NaN;NaN;2024-06-15 11:00:00+00:00;NaN;NaN;NaN
2024-06-15;14;NaN;NaN;NaN;NaN;NaN;NaN;NaN;NaN;NaN;NaN;2024-06-15 12:00:00+00:00;NaN;NaN;NaN
2024-06-15;15;NaN;NaN;NaN;NaN;NaN;NaN;NaN;NaN;NaN;NaN;2024-06-15 13:00:00+00:00;NaN;NaN;NaN
2024-06-15;16;NaN;NaN;NaN;NaN;NaN;NaN;NaN;NaN;NaN;NaN;2024-06-15 14:00:00+00:00;NaN;NaN;NaN
2024-06-15;17;NaN;NaN;NaN;NaN;NaN;NaN;NaN;NaN;NaN;NaN;2024-06-15 15:00:00+00:00;NaN;NaN;NaN
2024-06-15;18;NaN;NaN;NaN;NaN;NaN;NaN;NaN;NaN;NaN;NaN;2024-06-15 16:00:00+00:00;NaN;NaN;NaN
2024-06-15;19;NaN;NaN;NaN;NaN;NaN;NaN;NaN;NaN;NaN;NaN;2024-06-15 17:00:00+00:00;NaN;NaN;NaN
2024-06-15;20;NaN;NaN;NaN;NaN;NaN;NaN;NaN;NaN;NaN;NaN;2024-06-15 18:00:00+00:00;NaN;NaN;NaN
2024-06-15;21;NaN;NaN;NaN;NaN;NaN;NaN;NaN;NaN;NaN;NaN;2024-06-15 19:00:00+00:00;NaN;NaN;NaN
2024-06-15;22;NaN;NaN;NaN;NaN;NaN;NaN;NaN;NaN;NaN;NaN;2024-06-15 20:00:00+00:00;NaN;NaN;NaN
2024-06-15;23;NaN;NaN;NaN;NaN;NaN;NaN;NaN;NaN;NaN;NaN;2024-06-15 21:00:00+00:00;NaN;NaN;NaN
2024-06-15;3;92.00;0.08;-1.41;-0.38;0.78;2024-06-15 03:00:00+02:00;6.00;43.00;34.00;9.00;2024-06-15 01:00:00+00:00;94.00;94.00;93.00
2024-06-15;4;58.00;0.08;-1.41;-0.38;0.78;2024-06-15 04:00:00+02:00;6.00;41.00;34.00;7.00;2024-06-15 02:00:00+00:00;94.00;94.00;94.00
2024-06-15;5;42.00;0.08;-1.41;-0.38;0.78;2024-06-15 05:00:00+02:00;6.00;48.00;41.00;7.00;2024-06-15 03:00:00+00:00;95.00;96.00;93.00
2024-06-15;6;42.00;0.08;-1.41;-0.38;0.78;2024-06-15 06:00:00+02:00;6.00;77.00;65.00;12.00;2024-06-15 04:00:00+00:00;93.00;94.00;92.00
2024-06-15;7;25.00;0.08;-1.41;-0.38;0.78;2024-06-15 07:00:00+02:00;6.00;52.00;44.00;8.00;2024-06-15 05:00:00+00:00;93.00;93.00;92.00
2024-06-15;8;50.00;0.08;-1.41;-0.38;0.78;2024-06-15 08:00:00+02:00;6.00;122.00;112.00;10.00;2024-06-15 06:00:00+00:00;94.00;95.00;91.00
2024-06-15;9;42.00;0.08;-1.41;-0.38;0.78;2024-06-15 09:00:00+02:00;6.00;204.00;192.00;12.00;2024-06-15 07:00:00+00:00;91.00;90.00;91.00
2024-06-15;10;42.00;0.08;-1.41;-0.38;0.78;2024-06-15 10:00:00+02:00;6.00;312.00;290.00;22.00;2024-06-15 08:00:00+00:00;91.00;91.00;91.00
2024-06-15;11;58.00;0.08;-1.41;-0.38;0.78;2024-06-15 11:00:00+02:00;6.00;327.00;297.00;31.00;2024-06-15 09:00:00+00:00;91.00;91.00;91.00
2024-06-15;12;83.00;0.08;-1.41;-0.38;0.78;2024-06-15 12:00:00+02:00;6.00;355.00;311.00;44.00;2024-06-15 10:00:00+00:00;91.00;91.00;91.00
2024-06-15;13;50.00;0.08;-1.41;-0.38;0.78;2024-06-15 13:00:00+02:00;6.00;434.00;418.00;16.00;2024-06-15 11:00:00+00:00;90.00;90.00;90.00
2024-06-15;14;33.00;0.08;-1.41;-0.38;0.78;2024-06-15 14:00:00+02:00;6.00;318.00;300.00;18.00;2024-06-15 12:00:00+00:00;90.00;90.00;91.00
2024-06-15;15;50.00;0.08;-1.41;-0.38;0.78;2024-06-15 15:00:00+02:00;6.00;408.00;388.00;20.00;2024-06-15 13:00:00+00:00;90.00;90.00;91.00
2024-06-15;16;42.00;0.08;-1.41;-0.38;0.78;2024-06-15 16:00:00+02:00;6.00;317.00;295.00;22.00;2024-06-15 14:00:00+00:00;91.00;91.00;91.00
2024-06-15;17;58.00;0.08;-1.41;-0.38;0.78;2024-06-15 17:00:00+02:00;6.00;324.00;303.00;21.00;2024-06-15 15:00:00+00:00;92.00;92.00;91.00
2024-06-15;18;42.00;0.08;-1.41;-0.38;0.78;2024-06-15 18:00:00+02:00;6.00;295.00;278.00;17.00;2024-06-15 16:00:00+00:00;91.00;91.00;91.00
2024-06-15;19;42.00;0.08;-1.41;-0.38;0.78;2024-06-15 19:00:00+02:00;6.00;283.00;262.00;22.00;2024-06-15 17:00:00+00:00;91.00;91.00;91.00
2024-06-15;20;33.00;0.08;-1.41;-0.38;0.78;2024-06-15 20:00:00+02:00;6.00;279.00;258.00;21.00;2024-06-15 18:00:00+00:00;91.00;91.00;91.00
2024-06-16;0;NaN;NaN;NaN;NaN;NaN;NaN;NaN;NaN;NaN;NaN;2024-06-15 22:00:00+00:00;NaN;NaN;NaN
2024-06-16;1;NaN;NaN;NaN;NaN;NaN;NaN;NaN;NaN;NaN;NaN;2024-06-15 23:00:00+00:00;NaN;NaN;NaN
2024-06-16;2;NaN;NaN;NaN;NaN;NaN;NaN;NaN;NaN;NaN;NaN;2024-06-16 00:00:00+00:00;NaN;NaN;NaN
2024-06-16;3;NaN;NaN;NaN;NaN;NaN;NaN;NaN;NaN;NaN;NaN;2024-06-16 01:00:00+00:00;NaN;NaN;NaN
2024-06-16;4;NaN;NaN;NaN;NaN;NaN;NaN;NaN;NaN;NaN;NaN;2024-06-16 02:00:00+00:00;NaN;NaN;NaN
2024-06-16;5;NaN;NaN;NaN;NaN;NaN;NaN;NaN;NaN;NaN;NaN;2024-06-16 03:00:00+00:00;NaN;NaN;NaN
2024-06-16;6;NaN;NaN;NaN;NaN;NaN;NaN;NaN;NaN;NaN;NaN;2024-06-16 04:00:00+00:00;NaN;NaN;NaN
2024-06-16;7;NaN;NaN;NaN;NaN;NaN;NaN;NaN;NaN;NaN;NaN;2024-06-16 05:00:00+00:00;NaN;NaN;NaN
2024-06-16;8;NaN;NaN;NaN;NaN;NaN;NaN;NaN;NaN;NaN;NaN;2024-06-16 06:00:00+00:00;NaN;NaN;NaN
2024-06-16;9;NaN;NaN;NaN;NaN;NaN;NaN;NaN;NaN;NaN;NaN;2024-06-16 07:00:00+00:00;NaN;NaN;NaN
2024-06-16;10;NaN;NaN;NaN;NaN;NaN;NaN;NaN;NaN;NaN;NaN;2024-06-16 08:00:00+00:00;NaN;NaN;NaN
2024-06-16;11;NaN;NaN;NaN;NaN;NaN;NaN;NaN;NaN;NaN;NaN;2024-06-16 09:00:00+00:00;NaN;NaN;NaN
2024-06-16;12;NaN;NaN;NaN;NaN;NaN;NaN;NaN;NaN;NaN;NaN;2024-06-16 10:00:00+00:00;NaN;NaN;NaN
2024-06-16;13;NaN;NaN;NaN;NaN;NaN;NaN;NaN;NaN;NaN;NaN;2024-06-16 11:00:00+00:00;NaN;NaN;NaN
2024-06-16;14;NaN;NaN;NaN;NaN;NaN;NaN;NaN;NaN;NaN;NaN;2024-06-16 12:00:00+00:00;NaN;NaN;NaN
2024-06-16;15;NaN;NaN;NaN;NaN;NaN;NaN;NaN;NaN;NaN;NaN;2024-06-16 13:00:00+00:00;NaN;NaN;NaN
2024-06-16;16;NaN;NaN;NaN;NaN;NaN;NaN;NaN;NaN;NaN;NaN;2024-06-16 14:00:00+00:00;NaN;NaN;NaN
2024-06-16;17;NaN;NaN;NaN;NaN;NaN;NaN;NaN;NaN;NaN;NaN;2024-06-16 15:00:00+00:00;NaN;NaN;NaN
2024-06-16;18;NaN;NaN;NaN;NaN;NaN;NaN;NaN;NaN;NaN;NaN;2024-06-16 16:00:00+00:00;NaN;NaN;NaN
2024-06-16;19;NaN;NaN;NaN;NaN;NaN;NaN;NaN;NaN;NaN;NaN;2024-06-16 17:00:00+00:00;NaN;NaN;NaN
2024-06-16;20;NaN;NaN;NaN;NaN;NaN;NaN;NaN;NaN;NaN;NaN;2024-06-16 18:00:00+00:00;NaN;NaN;NaN
2024-06-16;21;NaN;NaN;NaN;NaN;NaN;NaN;NaN;NaN;NaN;NaN;2024-06-16 19:00:00+00:00;NaN;NaN;NaN
2024-06-16;22;NaN;NaN;NaN;NaN;NaN;NaN;NaN;NaN;NaN;NaN;2024-06-16 20:00:00+00:00;NaN;NaN;NaN
2024-06-16;23;NaN;NaN;NaN;NaN;NaN;NaN;NaN;NaN;NaN;NaN;2024-06-16 21:00:00+00:00;NaN;NaN;NaN
2024-06-16;7;25.00;-0.02;0.00;NaN;0.10;2024-06-16 07:00:00+02:00;6.00;32.00;32.00;0.00;2024-06-16 05:00:00+00:00;99.00;99.00;NaN
2024-06-16;8;25.00;-0.02;0.00;NaN;0.10;2024-06-16 08:00:00+02:00;6.00;76.00;68.00;8.00;2024-06-16 06:00:00+00:00;93.00;93.00;92.00
2024-06-17;0;NaN;NaN;NaN;NaN;NaN;NaN;NaN;NaN;NaN;NaN;2024-06-16 22:00:00+00:00;NaN;NaN;NaN
2024-06-17;1;NaN;NaN;NaN;NaN;NaN;NaN;NaN;NaN;NaN;NaN;2024-06-16 23:00:00+00:00;NaN;NaN;NaN
2024-06-17;2;NaN;NaN;NaN;NaN;NaN;NaN;NaN;NaN;NaN;NaN;2024-06-17 00:00:00+00:00;NaN;NaN;NaN
2024-06-17;3;NaN;NaN;NaN;NaN;NaN;NaN;NaN;NaN;NaN;NaN;2024-06-17 01:00:00+00:00;NaN;NaN;NaN
2024-06-17;4;NaN;NaN;NaN;NaN;NaN;NaN;NaN;NaN;NaN;NaN;2024-06-17 02:00:00+00:00;NaN;NaN;NaN
2024-06-17;5;NaN;NaN;NaN;NaN;NaN;NaN;NaN;NaN;NaN;NaN;2024-06-17 03:00:00+00:00;NaN;NaN;NaN
2024-06-17;6;NaN;NaN;NaN;NaN;NaN;NaN;NaN;NaN;NaN;NaN;2024-06-17 04:00:00+00:00;NaN;NaN;NaN
2024-06-17;7;NaN;NaN;NaN;NaN;NaN;NaN;NaN;NaN;NaN;NaN;2024-06-17 05:00:00+00:00;NaN;NaN;NaN
2024-06-17;8;NaN;NaN;NaN;NaN;NaN;NaN;NaN;NaN;NaN;NaN;2024-06-17 06:00:00+00:00;NaN;NaN;NaN
2024-06-17;9;NaN;NaN;NaN;NaN;NaN;NaN;NaN;NaN;NaN;NaN;2024-06-17 07:00:00+00:00;NaN;NaN;NaN
2024-06-17;10;NaN;NaN;NaN;NaN;NaN;NaN;NaN;NaN;NaN;NaN;2024-06-17 08:00:00+00:00;NaN;NaN;NaN
2024-06-17;11;NaN;NaN;NaN;NaN;NaN;NaN;NaN;NaN;NaN;NaN;2024-06-17 09:00:00+00:00;NaN;NaN;NaN
2024-06-17;12;NaN;NaN;NaN;NaN;NaN;NaN;NaN;NaN;NaN;NaN;2024-06-17 10:00:00+00:00;NaN;NaN;NaN
2024-06-17;13;NaN;NaN;NaN;NaN;NaN;NaN;NaN;NaN;NaN;NaN;2024-06-17 11:00:00+00:00;NaN;NaN;NaN
2024-06-17;14;NaN;NaN;NaN;NaN;NaN;NaN;NaN;NaN;NaN;NaN;2024-06-17 12:00:00+00:00;NaN;NaN;NaN
2024-06-17;15;NaN;NaN;NaN;NaN;NaN;NaN;NaN;NaN;NaN;NaN;2024-06-17 13:00:00+00:00;NaN;NaN;NaN
2024-06-17;16;NaN;NaN;NaN;NaN;NaN;NaN;NaN;NaN;NaN;NaN;2024-06-17 14:00:00+00:00;NaN;NaN;NaN
2024-06-17;17;NaN;NaN;NaN;NaN;NaN;NaN;NaN;NaN;NaN;NaN;2024-06-17 15:00:00+00:00;NaN;NaN;NaN
2024-06-17;18;NaN;NaN;NaN;NaN;NaN;NaN;NaN;NaN;NaN;NaN;2024-06-17 16:00:00+00:00;NaN;NaN;NaN
2024-06-17;19;NaN;NaN;NaN;NaN;NaN;NaN;NaN;NaN;NaN;NaN;2024-06-17 17:00:00+00:00;NaN;NaN;NaN
2024-06-17;20;NaN;NaN;NaN;NaN;NaN;NaN;NaN;NaN;NaN;NaN;2024-06-17 18:00:00+00:00;NaN;NaN;NaN
2024-06-17;21;NaN;NaN;NaN;NaN;NaN;NaN;NaN;NaN;NaN;NaN;2024-06-17 19:00:00+00:00;NaN;NaN;NaN
2024-06-17;22;NaN;NaN;NaN;NaN;NaN;NaN;NaN;NaN;NaN;NaN;2024-06-17 20:00:00+00:00;NaN;NaN;NaN
2024-06-18;0;NaN;NaN;NaN;NaN;NaN;NaN;NaN;NaN;NaN;NaN;2024-06-17 22:00:00+00:00;NaN;NaN;NaN
2024-06-18;1;NaN;NaN;NaN;NaN;NaN;NaN;NaN;NaN;NaN;NaN;2024-06-17 23:00:00+00:00;NaN;NaN;NaN
2024-06-18;2;NaN;NaN;NaN;NaN;NaN;NaN;NaN;NaN;NaN;NaN;2024-06-18 00:00:00+00:00;NaN;NaN;NaN
2024-06-18;3;NaN;NaN;NaN;NaN;NaN;NaN;NaN;NaN;NaN;NaN;2024-06-18 01:00:00+00:00;NaN;NaN;NaN
2024-06-18;4;NaN;NaN;NaN;NaN;NaN;NaN;NaN;NaN;NaN;NaN;2024-06-18 02:00:00+00:00;NaN;NaN;NaN
2024-06-18;5;NaN;NaN;NaN;NaN;NaN;NaN;NaN;NaN;NaN;NaN;2024-06-18 03:00:00+00:00;NaN;NaN;NaN
2024-06-18;6;NaN;NaN;NaN;NaN;NaN;NaN;NaN;NaN;NaN;NaN;2024-06-18 04:00:00+00:00;NaN;NaN;NaN
2024-06-18;7;NaN;NaN;NaN;NaN;NaN;NaN;NaN;NaN;NaN;NaN;2024-06-18 05:00:00+00:00;NaN;NaN;NaN
2024-06-18;8;NaN;NaN;NaN;NaN;NaN;NaN;NaN;NaN;NaN;NaN;2024-06-18 06:00:00+00:00;NaN;NaN;NaN
2024-06-18;9;NaN;NaN;NaN;NaN;NaN;NaN;NaN;NaN;NaN;NaN;2024-06-18 07:00:00+00:00;NaN;NaN;NaN
2024-06-18;10;NaN;NaN;NaN;NaN;NaN;NaN;NaN;NaN;NaN;NaN;2024-06-18 08:00:00+00:00;NaN;NaN;NaN
2024-06-18;11;NaN;NaN;NaN;NaN;NaN;NaN;NaN;NaN;NaN;NaN;2024-06-18 09:00:00+00:00;NaN;NaN;NaN
2024-06-18;12;NaN;NaN;NaN;NaN;NaN;NaN;NaN;NaN;NaN;NaN;2024-06-18 10:00:00+00:00;NaN;NaN;NaN
2024-06-18;13;NaN;NaN;NaN;NaN;NaN;NaN;NaN;NaN;NaN;NaN;2024-06-18 11:00:00+00:00;NaN;NaN;NaN
2024-06-18;14;NaN;NaN;NaN;NaN;NaN;NaN;NaN;NaN;NaN;NaN;2024-06-18 12:00:00+00:00;NaN;NaN;NaN
2024-06-18;15;NaN;NaN;NaN;NaN;NaN;NaN;NaN;NaN;NaN;NaN;2024-06-18 13:00:00+00:00;NaN;NaN;NaN
2024-06-18;16;NaN;NaN;NaN;NaN;NaN;NaN;NaN;NaN;NaN;NaN;2024-06-18 14:00:00+00:00;NaN;NaN;NaN
2024-06-18;17;NaN;NaN;NaN;NaN;NaN;NaN;NaN;NaN;NaN;NaN;2024-06-18 15:00:00+00:00;NaN;NaN;NaN
2024-06-18;18;NaN;NaN;NaN;NaN;NaN;NaN;NaN;NaN;NaN;NaN;2024-06-18 16:00:00+00:00;NaN;NaN;NaN
2024-06-18;19;NaN;NaN;NaN;NaN;NaN;NaN;NaN;NaN;NaN;NaN;2024-06-18 17:00:00+00:00;NaN;NaN;NaN
2024-06-18;20;NaN;NaN;NaN;NaN;NaN;NaN;NaN;NaN;NaN;NaN;2024-06-18 18:00:00+00:00;NaN;NaN;NaN
2024-06-18;21;NaN;NaN;NaN;NaN;NaN;NaN;NaN;NaN;NaN;NaN;2024-06-18 19:00:00+00:00;NaN;NaN;NaN
2024-06-18;22;NaN;NaN;NaN;NaN;NaN;NaN;NaN;NaN;NaN;NaN;2024-06-18 20:00:00+00:00;NaN;NaN;NaN
2024-06-18;23;NaN;NaN;NaN;NaN;NaN;NaN;NaN;NaN;NaN;NaN;2024-06-18 21:00:00+00:00;NaN;NaN;NaN
2024-06-18;7;8.00;0.48;-1.41;1.71;0.94;2024-06-18 07:00:00+02:00;6.00;444.00;432.00;12.00;2024-06-18 05:00:00+00:00;90.00;90.00;90.00
2024-06-18;8;67.00;0.48;-1.41;1.71;0.94;2024-06-18 08:00:00+02:00;6.00;518.00;494.00;24.00;2024-06-18 06:00:00+00:00;90.00;90.00;90.00
2024-06-18;9;17.00;0.48;-1.41;1.71;0.94;2024-06-18 09:00:00+02:00;6.00;570.00;534.00;36.00;2024-06-18 07:00:00+00:00;91.00;91.00;91.00
2024-06-18;23;50.00;0.48;-1.41;1.71;0.94;2024-06-18 23:00:00+02:00;6.00;112.00;96.00;16.00;2024-06-18 21:00:00+00:00;92.00;92.00;92.00
2024-06-19;0;NaN;NaN;NaN;NaN;NaN;NaN;NaN;NaN;NaN;NaN;2024-06-18 22:00:00+00:00;NaN;NaN;NaN
2024-06-19;1;NaN;NaN;NaN;NaN;NaN;NaN;NaN;NaN;NaN;NaN;2024-06-18 23:00:00+00:00;NaN;NaN;NaN
2024-06-19;2;NaN;NaN;NaN;NaN;NaN;NaN;NaN;NaN;NaN;NaN;2024-06-19 00:00:00+00:00;NaN;NaN;NaN
2024-06-19;3;NaN;NaN;NaN;NaN;NaN;NaN;NaN;NaN;NaN;NaN;2024-06-19 01:00:00+00:00;NaN;NaN;NaN
2024-06-19;4;NaN;NaN;NaN;NaN;NaN;NaN;NaN;NaN;NaN;NaN;2024-06-19 02:00:00+00:00;NaN;NaN;NaN
2024-06-19;5;NaN;NaN;NaN;NaN;NaN;NaN;NaN;NaN;NaN;NaN;2024-06-19 03:00:00+00:00;NaN;NaN;NaN
2024-06-19;6;NaN;NaN;NaN;NaN;NaN;NaN;NaN;NaN;NaN;NaN;2024-06-19 04:00:00+00:00;NaN;NaN;NaN
2024-06-19;7;NaN;NaN;NaN;NaN;NaN;NaN;NaN;NaN;NaN;NaN;2024-06-19 05:00:00+00:00;NaN;NaN;NaN
2024-06-19;8;NaN;NaN;NaN;NaN;NaN;NaN;NaN;NaN;NaN;NaN;2024-06-19 06:00:00+00:00;NaN;NaN;NaN
2024-06-19;9;NaN;NaN;NaN;NaN;NaN;NaN;NaN;NaN;NaN;NaN;2024-06-19 07:00:00+00:00;NaN;NaN;NaN
2024-06-19;10;NaN;NaN;NaN;NaN;NaN;NaN;NaN;NaN;NaN;NaN;2024-06-19 08:00:00+00:00;NaN;NaN;NaN
2024-06-19;11;NaN;NaN;NaN;NaN;NaN;NaN;NaN;NaN;NaN;NaN;2024-06-19 09:00:00+00:00;NaN;NaN;NaN
2024-06-19;12;NaN;NaN;NaN;NaN;NaN;NaN;NaN;NaN;NaN;NaN;2024-06-19 10:00:00+00:00;NaN;NaN;NaN
2024-06-19;13;NaN;NaN;NaN;NaN;NaN;NaN;NaN;NaN;NaN;NaN;2024-06-19 11:00:00+00:00;NaN;NaN;NaN
2024-06-19;14;NaN;NaN;NaN;NaN;NaN;NaN;NaN;NaN;NaN;NaN;2024-06-19 12:00:00+00:00;NaN;NaN;NaN
2024-06-19;15;NaN;NaN;NaN;NaN;NaN;NaN;NaN;NaN;NaN;NaN;2024-06-19 13:00:00+00:00;NaN;NaN;NaN
2024-06-19;16;NaN;NaN;NaN;NaN;NaN;NaN;NaN;NaN;NaN;NaN;2024-06-19 14:00:00+00:00;NaN;NaN;NaN
2024-06-19;17;NaN;NaN;NaN;NaN;NaN;NaN;NaN;NaN;NaN;NaN;2024-06-19 15:00:00+00:00;NaN;NaN;NaN
2024-06-19;18;NaN;NaN;NaN;NaN;NaN;NaN;NaN;NaN;NaN;NaN;2024-06-19 16:00:00+00:00;NaN;NaN;NaN
2024-06-19;19;NaN;NaN;NaN;NaN;NaN;NaN;NaN;NaN;NaN;NaN;2024-06-19 17:00:00+00:00;NaN;NaN;NaN
2024-06-19;20;NaN;NaN;NaN;NaN;NaN;NaN;NaN;NaN;NaN;NaN;2024-06-19 18:00:00+00:00;NaN;NaN;NaN
2024-06-19;21;NaN;NaN;NaN;NaN;NaN;NaN;NaN;NaN;NaN;NaN;2024-06-19 19:00:00+00:00;NaN;NaN;NaN
2024-06-19;22;NaN;NaN;NaN;NaN;NaN;NaN;NaN;NaN;NaN;NaN;2024-06-19 20:00:00+00:00;NaN;NaN;NaN
2024-06-19;23;NaN;NaN;NaN;NaN;NaN;NaN;NaN;NaN;NaN;NaN;2024-06-19 21:00:00+00:00;NaN;NaN;NaN
2024-06-19;0;42.00;0.48;-1.41;1.71;0.94;2024-06-19 00:00:00+02:00;6.00;46.00;43.00;2.00;2024-06-18 22:00:00+00:00;97.00;97.00;92.00
2024-06-19;1;42.00;0.48;-1.41;1.71;0.94;2024-06-19 01:00:00+02:00;6.00;31.00;22.00;10.00;2024-06-18 23:00:00+00:00;94.00;94.00;94.00
2024-06-19;2;67.00;0.36;0.00;0.08;0.86;2024-06-19 02:00:00+02:00;6.00;18.00;18.00;0.00;2024-06-19 00:00:00+00:00;99.00;99.00;NaN
2024-06-19;3;50.00;0.36;0.00;0.08;0.86;2024-06-19 03:00:00+02:00;6.00;14.00;14.00;0.00;2024-06-19 01:00:00+00:00;99.00;99.00;NaN
2024-06-19;4;50.00;0.36;0.00;0.08;0.86;2024-06-19 04:00:00+02:00;6.00;30.00;28.00;2.00;2024-06-19 02:00:00+00:00;96.00;96.00;91.00
2024-06-19;5;25.00;0.36;0.00;0.08;0.86;2024-06-19 05:00:00+02:00;6.00;60.00;56.00;4.00;2024-06-19 03:00:00+00:00;95.00;96.00;91.00
2024-06-19;6;58.00;0.36;0.00;0.08;0.86;2024-06-19 06:00:00+02:00;6.00;271.00;255.00;15.00;2024-06-19 04:00:00+00:00;90.00;90.00;91.00
2024-06-19;7;58.00;0.36;0.00;0.08;0.86;2024-06-19 07:00:00+02:00;6.00;437.00;411.00;26.00;2024-06-19 05:00:00+00:00;90.00;90.00;91.00
2024-06-19;8;50.00;0.36;0.00;0.08;0.86;2024-06-19 08:00:00+02:00;6.00;566.00;550.00;16.00;2024-06-19 06:00:00+00:00;90.00;90.00;90.00
2024-06-19;9;50.00;0.36;0.00;0.08;0.86;2024-06-19 09:00:00+02:00;6.00;544.00;508.00;36.00;2024-06-19 07:00:00+00:00;90.00;90.00;91.00
2024-06-19;10;42.00;0.36;0.00;0.08;0.86;2024-06-19 10:00:00+02:00;6.00;413.00;389.00;24.00;2024-06-19 08:00:00+00:00;91.00;91.00;91.00
2024-06-19;11;42.00;0.36;0.00;0.08;0.86;2024-06-19 11:00:00+02:00;6.00;437.00;415.00;22.00;2024-06-19 09:00:00+00:00;90.00;90.00;91.00
2024-06-19;12;25.00;0.36;0.00;0.08;0.86;2024-06-19 12:00:00+02:00;6.00;432.00;400.00;32.00;2024-06-19 10:00:00+00:00;90.00;90.00;91.00
2024-06-19;13;50.00;0.36;0.00;0.08;0.86;2024-06-19 13:00:00+02:00;6.00;404.00;384.00;20.00;2024-06-19 11:00:00+00:00;90.00;90.00;91.00
2024-06-19;14;42.00;0.36;0.00;0.08;0.86;2024-06-19 14:00:00+02:00;6.00;372.00;358.00;14.00;2024-06-19 12:00:00+00:00;90.00;90.00;90.00
2024-06-19;15;67.00;0.36;0.00;0.08;0.86;2024-06-19 15:00:00+02:00;6.00;454.00;429.00;26.00;2024-06-19 13:00:00+00:00;90.00;90.00;91.00
2024-06-19;16;42.00;0.36;0.00;0.08;0.86;2024-06-19 16:00:00+02:00;6.00;576.00;552.00;24.00;2024-06-19 14:00:00+00:00;90.00;90.00;91.00
2024-06-19;17;92.00;0.36;0.00;0.08;0.86;2024-06-19 17:00:00+02:00;6.00;416.00;385.00;31.00;2024-06-19 15:00:00+00:00;91.00;91.00;91.00
2024-06-19;18;58.00;0.36;0.00;0.08;0.86;2024-06-19 18:00:00+02:00;6.00;285.00;238.00;46.00;2024-06-19 16:00:00+00:00;92.00;91.00;92.00
2024-06-19;19;67.00;0.36;0.00;0.08;0.86;2024-06-19 19:00:00+02:00;6.00;201.00;183.00;18.00;2024-06-19 17:00:00+00:00;91.00;91.00;91.00
2024-06-19;20;58.00;0.36;0.00;0.08;0.86;2024-06-19 20:00:00+02:00;6.00;207.00;190.00;17.00;2024-06-19 18:00:00+00:00;91.00;91.00;91.00
2024-06-19;21;75.00;0.36;0.00;0.08;0.86;2024-06-19 21:00:00+02:00;6.00;155.00;136.00;19.00;2024-06-19 19:00:00+00:00;92.00;92.00;91.00
2024-06-19;22;50.00;0.36;0.00;0.08;0.86;2024-06-19 22:00:00+02:00;6.00;144.00;120.00;24.00;2024-06-19 20:00:00+00:00;92.00;92.00;92.00
2024-06-19;23;33.00;0.36;0.00;0.08;0.86;2024-06-19 23:00:00+02:00;6.00;105.00;84.00;21.00;2024-06-19 21:00:00+00:00;92.00;92.00;93.00
2024-06-20;0;NaN;NaN;NaN;NaN;NaN;NaN;NaN;NaN;NaN;NaN;2024-06-19 22:00:00+00:00;NaN;NaN;NaN
2024-06-20;1;NaN;NaN;NaN;NaN;NaN;NaN;NaN;NaN;NaN;NaN;2024-06-19 23:00:00+00:00;NaN;NaN;NaN
2024-06-20;2;NaN;NaN;NaN;NaN;NaN;NaN;NaN;NaN;NaN;NaN;2024-06-20 00:00:00+00:00;NaN;NaN;NaN
2024-06-20;3;NaN;NaN;NaN;NaN;NaN;NaN;NaN;NaN;NaN;NaN;2024-06-20 01:00:00+00:00;NaN;NaN;NaN
2024-06-20;4;NaN;NaN;NaN;NaN;NaN;NaN;NaN;NaN;NaN;NaN;2024-06-20 02:00:00+00:00;NaN;NaN;NaN
2024-06-20;5;NaN;NaN;NaN;NaN;NaN;NaN;NaN;NaN;NaN;NaN;2024-06-20 03:00:00+00:00;NaN;NaN;NaN
2024-06-20;6;NaN;NaN;NaN;NaN;NaN;NaN;NaN;NaN;NaN;NaN;2024-06-20 04:00:00+00:00;NaN;NaN;NaN
2024-06-20;7;NaN;NaN;NaN;NaN;NaN;NaN;NaN;NaN;NaN;NaN;2024-06-20 05:00:00+00:00;NaN;NaN;NaN
2024-06-20;8;NaN;NaN;NaN;NaN;NaN;NaN;NaN;NaN;NaN;NaN;2024-06-20 06:00:00+00:00;NaN;NaN;NaN
2024-06-20;9;NaN;NaN;NaN;NaN;NaN;NaN;NaN;NaN;NaN;NaN;2024-06-20 07:00:00+00:00;NaN;NaN;NaN
2024-06-20;10;NaN;NaN;NaN;NaN;NaN;NaN;NaN;NaN;NaN;NaN;2024-06-20 08:00:00+00:00;NaN;NaN;NaN
2024-06-20;11;NaN;NaN;NaN;NaN;NaN;NaN;NaN;NaN;NaN;NaN;2024-06-20 09:00:00+00:00;NaN;NaN;NaN
2024-06-20;12;NaN;NaN;NaN;NaN;NaN;NaN;NaN;NaN;NaN;NaN;2024-06-20 10:00:00+00:00;NaN;NaN;NaN
2024-06-20;13;NaN;NaN;NaN;NaN;NaN;NaN;NaN;NaN;NaN;NaN;2024-06-20 11:00:00+00:00;NaN;NaN;NaN
2024-06-20;14;NaN;NaN;NaN;NaN;NaN;NaN;NaN;NaN;NaN;NaN;2024-06-20 12:00:00+00:00;NaN;NaN;NaN
2024-06-20;15;NaN;NaN;NaN;NaN;NaN;NaN;NaN;NaN;NaN;NaN;2024-06-20 13:00:00+00:00;NaN;NaN;NaN
2024-06-20;16;NaN;NaN;NaN;NaN;NaN;NaN;NaN;NaN;NaN;NaN;2024-06-20 14:00:00+00:00;NaN;NaN;NaN
2024-06-20;17;NaN;NaN;NaN;NaN;NaN;NaN;NaN;NaN;NaN;NaN;2024-06-20 15:00:00+00:00;NaN;NaN;NaN
2024-06-20;18;NaN;NaN;NaN;NaN;NaN;NaN;NaN;NaN;NaN;NaN;2024-06-20 16:00:00+00:00;NaN;NaN;NaN
2024-06-20;19;NaN;NaN;NaN;NaN;NaN;NaN;NaN;NaN;NaN;NaN;2024-06-20 17:00:00+00:00;NaN;NaN;NaN
2024-06-20;20;NaN;NaN;NaN;NaN;NaN;NaN;NaN;NaN;NaN;NaN;2024-06-20 18:00:00+00:00;NaN;NaN;NaN
2024-06-20;21;NaN;NaN;NaN;NaN;NaN;NaN;NaN;NaN;NaN;NaN;2024-06-20 19:00:00+00:00;NaN;NaN;NaN
2024-06-20;22;NaN;NaN;NaN;NaN;NaN;NaN;NaN;NaN;NaN;NaN;2024-06-20 20:00:00+00:00;NaN;NaN;NaN
2024-06-20;23;NaN;NaN;NaN;NaN;NaN;NaN;NaN;NaN;NaN;NaN;2024-06-20 21:00:00+00:00;NaN;NaN;NaN
2024-06-20;0;8.00;0.36;0.00;0.08;0.86;2024-06-20 00:00:00+02:00;6.00;72.00;36.00;36.00;2024-06-19 22:00:00+00:00;95.00;95.00;95.00
2024-06-20;1;25.00;0.36;0.00;0.08;0.86;2024-06-20 01:00:00+02:00;6.00;36.00;28.00;8.00;2024-06-19 23:00:00+00:00;96.00;97.00;94.00
2024-06-20;2;17.00;0.37;0.00;0.03;0.91;2024-06-20 02:00:00+02:00;6.00;24.00;12.00;12.00;2024-06-20 00:00:00+00:00;95.00;95.00;95.00
2024-06-20;3;8.00;0.37;0.00;0.03;0.91;2024-06-20 03:00:00+02:00;6.00;0.00;0.00;0.00;2024-06-20 01:00:00+00:00;NaN;NaN;NaN
2024-06-20;4;17.00;0.37;0.00;0.03;0.91;2024-06-20 04:00:00+02:00;6.00;48.00;36.00;12.00;2024-06-20 02:00:00+00:00;92.00;92.00;92.00
2024-06-20;5;67.00;0.37;0.00;0.03;0.91;2024-06-20 05:00:00+02:00;6.00;132.00;116.00;16.00;2024-06-20 03:00:00+00:00;93.00;93.00;92.00
2024-06-20;6;67.00;0.37;0.00;0.03;0.91;2024-06-20 06:00:00+02:00;6.00;303.00;266.00;38.00;2024-06-20 04:00:00+00:00;91.00;91.00;91.00
2024-06-20;7;75.00;0.37;0.00;0.03;0.91;2024-06-20 07:00:00+02:00;6.00;439.00;409.00;29.00;2024-06-20 05:00:00+00:00;91.00;90.00;91.00
2024-06-20;8;67.00;0.37;0.00;0.03;0.91;2024-06-20 08:00:00+02:00;6.00;604.00;578.00;27.00;2024-06-20 06:00:00+00:00;90.00;90.00;90.00
2024-06-20;9;67.00;0.37;0.00;0.03;0.91;2024-06-20 09:00:00+02:00;6.00;549.00;522.00;27.00;2024-06-20 07:00:00+00:00;90.00;90.00;91.00
2024-06-20;10;75.00;0.37;0.00;0.03;0.91;2024-06-20 10:00:00+02:00;6.00;449.00;420.00;29.00;2024-06-20 08:00:00+00:00;90.00;90.00;91.00
2024-06-20;11;8.00;0.37;0.00;0.03;0.91;2024-06-20 11:00:00+02:00;6.00;516.00;492.00;24.00;2024-06-20 09:00:00+00:00;90.00;90.00;90.00
2024-06-21;0;NaN;NaN;NaN;NaN;NaN;NaN;NaN;NaN;NaN;NaN;2024-06-20 22:00:00+00:00;NaN;NaN;NaN
2024-06-21;1;NaN;NaN;NaN;NaN;NaN;NaN;NaN;NaN;NaN;NaN;2024-06-20 23:00:00+00:00;NaN;NaN;NaN
2024-06-21;2;NaN;NaN;NaN;NaN;NaN;NaN;NaN;NaN;NaN;NaN;2024-06-21 00:00:00+00:00;NaN;NaN;NaN
2024-06-21;3;NaN;NaN;NaN;NaN;NaN;NaN;NaN;NaN;NaN;NaN;2024-06-21 01:00:00+00:00;NaN;NaN;NaN
2024-06-21;4;NaN;NaN;NaN;NaN;NaN;NaN;NaN;NaN;NaN;NaN;2024-06-21 02:00:00+00:00;NaN;NaN;NaN
2024-06-21;5;NaN;NaN;NaN;NaN;NaN;NaN;NaN;NaN;NaN;NaN;2024-06-21 03:00:00+00:00;NaN;NaN;NaN
2024-06-21;6;NaN;NaN;NaN;NaN;NaN;NaN;NaN;NaN;NaN;NaN;2024-06-21 04:00:00+00:00;NaN;NaN;NaN
2024-06-21;7;NaN;NaN;NaN;NaN;NaN;NaN;NaN;NaN;NaN;NaN;2024-06-21 05:00:00+00:00;NaN;NaN;NaN
2024-06-21;8;NaN;NaN;NaN;NaN;NaN;NaN;NaN;NaN;NaN;NaN;2024-06-21 06:00:00+00:00;NaN;NaN;NaN
2024-06-21;9;NaN;NaN;NaN;NaN;NaN;NaN;NaN;NaN;NaN;NaN;2024-06-21 07:00:00+00:00;NaN;NaN;NaN
2024-06-21;10;NaN;NaN;NaN;NaN;NaN;NaN;NaN;NaN;NaN;NaN;2024-06-21 08:00:00+00:00;NaN;NaN;NaN
2024-06-21;11;NaN;NaN;NaN;NaN;NaN;NaN;NaN;NaN;NaN;NaN;2024-06-21 09:00:00+00:00;NaN;NaN;NaN
2024-06-21;12;NaN;NaN;NaN;NaN;NaN;NaN;NaN;NaN;NaN;NaN;2024-06-21 10:00:00+00:00;NaN;NaN;NaN
2024-06-21;13;NaN;NaN;NaN;NaN;NaN;NaN;NaN;NaN;NaN;NaN;2024-06-21 11:00:00+00:00;NaN;NaN;NaN
2024-06-21;14;NaN;NaN;NaN;NaN;NaN;NaN;NaN;NaN;NaN;NaN;2024-06-21 12:00:00+00:00;NaN;NaN;NaN
2024-06-21;15;NaN;NaN;NaN;NaN;NaN;NaN;NaN;NaN;NaN;NaN;2024-06-21 13:00:00+00:00;NaN;NaN;NaN
2024-06-21;16;NaN;NaN;NaN;NaN;NaN;NaN;NaN;NaN;NaN;NaN;2024-06-21 14:00:00+00:00;NaN;NaN;NaN
2024-06-21;17;NaN;NaN;NaN;NaN;NaN;NaN;NaN;NaN;NaN;NaN;2024-06-21 15:00:00+00:00;NaN;NaN;NaN
2024-06-21;18;NaN;NaN;NaN;NaN;NaN;NaN;NaN;NaN;NaN;NaN;2024-06-21 16:00:00+00:00;NaN;NaN;NaN
2024-06-21;19;NaN;NaN;NaN;NaN;NaN;NaN;NaN;NaN;NaN;NaN;2024-06-21 17:00:00+00:00;NaN;NaN;NaN
2024-06-21;20;NaN;NaN;NaN;NaN;NaN;NaN;NaN;NaN;NaN;NaN;2024-06-21 18:00:00+00:00;NaN;NaN;NaN
2024-06-21;21;NaN;NaN;NaN;NaN;NaN;NaN;NaN;NaN;NaN;NaN;2024-06-21 19:00:00+00:00;NaN;NaN;NaN
2024-06-21;22;NaN;NaN;NaN;NaN;NaN;NaN;NaN;NaN;NaN;NaN;2024-06-21 20:00:00+00:00;NaN;NaN;NaN
2024-06-21;23;NaN;NaN;NaN;NaN;NaN;NaN;NaN;NaN;NaN;NaN;2024-06-21 21:00:00+00:00;NaN;NaN;NaN
2024-06-21;18;50.00;-0.33;0.00;-0.54;0.82;2024-06-21 18:00:00+02:00;6.00;352.00;326.00;26.00;2024-06-21 16:00:00+00:00;91.00;91.00;91.00
2024-06-21;19;67.00;-0.33;0.00;-0.54;0.82;2024-06-21 19:00:00+02:00;6.00;260.00;242.00;18.00;2024-06-21 17:00:00+00:00;91.00;91.00;91.00
2024-06-21;20;50.00;-0.33;0.00;-0.54;0.82;2024-06-21 20:00:00+02:00;6.00;192.00;180.00;12.00;2024-06-21 18:00:00+00:00;91.00;91.00;91.00
2024-06-21;21;33.00;-0.33;0.00;-0.54;0.82;2024-06-21 21:00:00+02:00;6.00;171.00;153.00;18.00;2024-06-21 19:00:00+00:00;91.00;91.00;91.00
2024-06-21;22;67.00;-0.33;0.00;-0.54;0.82;2024-06-21 22:00:00+02:00;6.00;144.00;124.00;20.00;2024-06-21 20:00:00+00:00;91.00;91.00;91.00
2024-06-21;23;42.00;-0.33;0.00;-0.54;0.82;2024-06-21 23:00:00+02:00;6.00;130.00;115.00;14.00;2024-06-21 21:00:00+00:00;91.00;91.00;91.00
2024-06-22;0;NaN;NaN;NaN;NaN;NaN;NaN;NaN;NaN;NaN;NaN;2024-06-21 22:00:00+00:00;NaN;NaN;NaN
2024-06-22;1;NaN;NaN;NaN;NaN;NaN;NaN;NaN;NaN;NaN;NaN;2024-06-21 23:00:00+00:00;NaN;NaN;NaN
2024-06-22;2;NaN;NaN;NaN;NaN;NaN;NaN;NaN;NaN;NaN;NaN;2024-06-22 00:00:00+00:00;NaN;NaN;NaN
2024-06-22;3;NaN;NaN;NaN;NaN;NaN;NaN;NaN;NaN;NaN;NaN;2024-06-22 01:00:00+00:00;NaN;NaN;NaN
2024-06-22;4;NaN;NaN;NaN;NaN;NaN;NaN;NaN;NaN;NaN;NaN;2024-06-22 02:00:00+00:00;NaN;NaN;NaN
2024-06-22;5;NaN;NaN;NaN;NaN;NaN;NaN;NaN;NaN;NaN;NaN;2024-06-22 03:00:00+00:00;NaN;NaN;NaN
2024-06-22;6;NaN;NaN;NaN;NaN;NaN;NaN;NaN;NaN;NaN;NaN;2024-06-22 04:00:00+00:00;NaN;NaN;NaN
2024-06-22;7;NaN;NaN;NaN;NaN;NaN;NaN;NaN;NaN;NaN;NaN;2024-06-22 05:00:00+00:00;NaN;NaN;NaN
2024-06-22;8;NaN;NaN;NaN;NaN;NaN;NaN;NaN;NaN;NaN;NaN;2024-06-22 06:00:00+00:00;NaN;NaN;NaN
2024-06-22;9;NaN;NaN;NaN;NaN;NaN;NaN;NaN;NaN;NaN;NaN;2024-06-22 07:00:00+00:00;NaN;NaN;NaN
2024-06-22;10;NaN;NaN;NaN;NaN;NaN;NaN;NaN;NaN;NaN;NaN;2024-06-22 08:00:00+00:00;NaN;NaN;NaN
2024-06-22;11;NaN;NaN;NaN;NaN;NaN;NaN;NaN;NaN;NaN;NaN;2024-06-22 09:00:00+00:00;NaN;NaN;NaN
2024-06-22;12;NaN;NaN;NaN;NaN;NaN;NaN;NaN;NaN;NaN;NaN;2024-06-22 10:00:00+00:00;NaN;NaN;NaN
2024-06-22;13;NaN;NaN;NaN;NaN;NaN;NaN;NaN;NaN;NaN;NaN;2024-06-22 11:00:00+00:00;NaN;NaN;NaN
2024-06-22;14;NaN;NaN;NaN;NaN;NaN;NaN;NaN;NaN;NaN;NaN;2024-06-22 12:00:00+00:00;NaN;NaN;NaN
2024-06-22;15;NaN;NaN;NaN;NaN;NaN;NaN;NaN;NaN;NaN;NaN;2024-06-22 13:00:00+00:00;NaN;NaN;NaN
2024-06-22;16;NaN;NaN;NaN;NaN;NaN;NaN;NaN;NaN;NaN;NaN;2024-06-22 14:00:00+00:00;NaN;NaN;NaN
2024-06-22;17;NaN;NaN;NaN;NaN;NaN;NaN;NaN;NaN;NaN;NaN;2024-06-22 15:00:00+00:00;NaN;NaN;NaN
2024-06-22;18;NaN;NaN;NaN;NaN;NaN;NaN;NaN;NaN;NaN;NaN;2024-06-22 16:00:00+00:00;NaN;NaN;NaN
2024-06-22;19;NaN;NaN;NaN;NaN;NaN;NaN;NaN;NaN;NaN;NaN;2024-06-22 17:00:00+00:00;NaN;NaN;NaN
2024-06-22;20;NaN;NaN;NaN;NaN;NaN;NaN;NaN;NaN;NaN;NaN;2024-06-22 18:00:00+00:00;NaN;NaN;NaN
2024-06-22;21;NaN;NaN;NaN;NaN;NaN;NaN;NaN;NaN;NaN;NaN;2024-06-22 19:00:00+00:00;NaN;NaN;NaN
2024-06-22;22;NaN;NaN;NaN;NaN;NaN;NaN;NaN;NaN;NaN;NaN;2024-06-22 20:00:00+00:00;NaN;NaN;NaN
2024-06-22;23;NaN;NaN;NaN;NaN;NaN;NaN;NaN;NaN;NaN;NaN;2024-06-22 21:00:00+00:00;NaN;NaN;NaN
2024-06-22;0;42.00;-0.33;0.00;-0.54;0.82;2024-06-22 00:00:00+02:00;6.00;98.00;77.00;22.00;2024-06-21 22:00:00+00:00;92.00;92.00;92.00
2024-06-22;1;33.00;-0.33;0.00;-0.54;0.82;2024-06-22 01:00:00+02:00;6.00;87.00;72.00;15.00;2024-06-21 23:00:00+00:00;92.00;92.00;92.00
2024-06-22;2;50.00;0.26;0.00;-0.91;0.81;2024-06-22 02:00:00+02:00;6.00;42.00;38.00;4.00;2024-06-22 00:00:00+00:00;96.00;96.00;92.00
2024-06-22;3;58.00;0.26;0.00;-0.91;0.81;2024-06-22 03:00:00+02:00;6.00;34.00;24.00;10.00;2024-06-22 01:00:00+00:00;94.00;94.00;94.00
2024-06-22;4;58.00;0.26;0.00;-0.91;0.81;2024-06-22 04:00:00+02:00;6.00;39.00;33.00;7.00;2024-06-22 02:00:00+00:00;93.00;93.00;92.00
2024-06-22;5;67.00;0.26;0.00;-0.91;0.81;2024-06-22 05:00:00+02:00;6.00;57.00;46.00;10.00;2024-06-22 03:00:00+00:00;93.00;94.00;92.00
2024-06-22;6;33.00;0.26;0.00;-0.91;0.81;2024-06-22 06:00:00+02:00;6.00;51.00;48.00;3.00;2024-06-22 04:00:00+00:00;96.00;96.00;91.00
2024-06-22;7;42.00;0.26;0.00;-0.91;0.81;2024-06-22 07:00:00+02:00;6.00;110.00;86.00;24.00;2024-06-22 05:00:00+00:00;92.00;92.00;92.00
2024-06-22;8;50.00;0.26;0.00;-0.91;0.81;2024-06-22 08:00:00+02:00;6.00;140.00;128.00;12.00;2024-06-22 06:00:00+00:00;91.00;91.00;91.00
2024-06-22;9;42.00;0.26;0.00;-0.91;0.81;2024-06-22 09:00:00+02:00;6.00;192.00;180.00;12.00;2024-06-22 07:00:00+00:00;90.00;90.00;91.00
2024-06-22;10;33.00;0.26;0.00;-0.91;0.81;2024-06-22 10:00:00+02:00;6.00;243.00;225.00;18.00;2024-06-22 08:00:00+00:00;91.00;91.00;91.00
2024-06-22;11;25.00;0.26;0.00;-0.91;0.81;2024-06-22 11:00:00+02:00;6.00;380.00;352.00;28.00;2024-06-22 09:00:00+00:00;91.00;91.00;91.00
2024-06-22;12;67.00;0.26;0.00;-0.91;0.81;2024-06-22 12:00:00+02:00;6.00;374.00;352.00;21.00;2024-06-22 10:00:00+00:00;90.00;90.00;91.00
2024-06-22;13;58.00;0.26;0.00;-0.91;0.81;2024-06-22 13:00:00+02:00;6.00;408.00;386.00;22.00;2024-06-22 11:00:00+00:00;90.00;90.00;91.00
2024-06-22;14;67.00;0.26;0.00;-0.91;0.81;2024-06-22 14:00:00+02:00;6.00;486.00;458.00;28.00;2024-06-22 12:00:00+00:00;90.00;90.00;91.00
2024-06-22;15;75.00;0.26;0.00;-0.91;0.81;2024-06-22 15:00:00+02:00;6.00;341.00;327.00;15.00;2024-06-22 13:00:00+00:00;91.00;91.00;90.00
2024-06-22;16;58.00;0.26;0.00;-0.91;0.81;2024-06-22 16:00:00+02:00;6.00;379.00;362.00;17.00;2024-06-22 14:00:00+00:00;90.00;90.00;90.00
2024-06-22;17;75.00;0.26;0.00;-0.91;0.81;2024-06-22 17:00:00+02:00;6.00;368.00;349.00;19.00;2024-06-22 15:00:00+00:00;90.00;90.00;90.00
2024-06-22;18;75.00;0.26;0.00;-0.91;0.81;2024-06-22 18:00:00+02:00;6.00;269.00;251.00;19.00;2024-06-22 16:00:00+00:00;91.00;91.00;91.00
2024-06-22;19;67.00;0.26;0.00;-0.91;0.81;2024-06-22 19:00:00+02:00;6.00;242.00;228.00;14.00;2024-06-22 17:00:00+00:00;90.00;90.00;91.00
2024-06-22;20;50.00;0.26;0.00;-0.91;0.81;2024-06-22 20:00:00+02:00;6.00;220.00;202.00;18.00;2024-06-22 18:00:00+00:00;91.00;91.00;91.00
2024-06-22;21;25.00;0.26;0.00;-0.91;0.81;2024-06-22 21:00:00+02:00;6.00;212.00;192.00;20.00;2024-06-22 19:00:00+00:00;90.00;90.00;91.00
2024-06-22;22;33.00;0.26;0.00;-0.91;0.81;2024-06-22 22:00:00+02:00;6.00;180.00;165.00;15.00;2024-06-22 20:00:00+00:00;93.00;93.00;91.00
2024-06-22;23;42.00;0.26;0.00;-0.91;0.81;2024-06-22 23:00:00+02:00;6.00;151.00;139.00;12.00;2024-06-22 21:00:00+00:00;92.00;92.00;91.00
2024-06-23;0;NaN;NaN;NaN;NaN;NaN;NaN;NaN;NaN;NaN;NaN;2024-06-22 22:00:00+00:00;NaN;NaN;NaN
2024-06-23;1;NaN;NaN;NaN;NaN;NaN;NaN;NaN;NaN;NaN;NaN;2024-06-22 23:00:00+00:00;NaN;NaN;NaN
2024-06-23;2;NaN;NaN;NaN;NaN;NaN;NaN;NaN;NaN;NaN;NaN;2024-06-23 00:00:00+00:00;NaN;NaN;NaN
2024-06-23;3;NaN;NaN;NaN;NaN;NaN;NaN;NaN;NaN;NaN;NaN;2024-06-23 01:00:00+00:00;NaN;NaN;NaN
2024-06-23;4;NaN;NaN;NaN;NaN;NaN;NaN;NaN;NaN;NaN;NaN;2024-06-23 02:00:00+00:00;NaN;NaN;NaN
2024-06-23;5;NaN;NaN;NaN;NaN;NaN;NaN;NaN;NaN;NaN;NaN;2024-06-23 03:00:00+00:00;NaN;NaN;NaN
2024-06-23;6;NaN;NaN;NaN;NaN;NaN;NaN;NaN;NaN;NaN;NaN;2024-06-23 04:00:00+00:00;NaN;NaN;NaN
2024-06-23;7;NaN;NaN;NaN;NaN;NaN;NaN;NaN;NaN;NaN;NaN;2024-06-23 05:00:00+00:00;NaN;NaN;NaN
2024-06-23;8;NaN;NaN;NaN;NaN;NaN;NaN;NaN;NaN;NaN;NaN;2024-06-23 06:00:00+00:00;NaN;NaN;NaN
2024-06-23;9;NaN;NaN;NaN;NaN;NaN;NaN;NaN;NaN;NaN;NaN;2024-06-23 07:00:00+00:00;NaN;NaN;NaN
2024-06-23;10;NaN;NaN;NaN;NaN;NaN;NaN;NaN;NaN;NaN;NaN;2024-06-23 08:00:00+00:00;NaN;NaN;NaN
2024-06-23;11;NaN;NaN;NaN;NaN;NaN;NaN;NaN;NaN;NaN;NaN;2024-06-23 09:00:00+00:00;NaN;NaN;NaN
2024-06-23;12;NaN;NaN;NaN;NaN;NaN;NaN;NaN;NaN;NaN;NaN;2024-06-23 10:00:00+00:00;NaN;NaN;NaN
2024-06-23;13;NaN;NaN;NaN;NaN;NaN;NaN;NaN;NaN;NaN;NaN;2024-06-23 11:00:00+00:00;NaN;NaN;NaN
2024-06-23;14;NaN;NaN;NaN;NaN;NaN;NaN;NaN;NaN;NaN;NaN;2024-06-23 12:00:00+00:00;NaN;NaN;NaN
2024-06-23;15;NaN;NaN;NaN;NaN;NaN;NaN;NaN;NaN;NaN;NaN;2024-06-23 13:00:00+00:00;NaN;NaN;NaN
2024-06-23;16;NaN;NaN;NaN;NaN;NaN;NaN;NaN;NaN;NaN;NaN;2024-06-23 14:00:00+00:00;NaN;NaN;NaN
2024-06-23;17;NaN;NaN;NaN;NaN;NaN;NaN;NaN;NaN;NaN;NaN;2024-06-23 15:00:00+00:00;NaN;NaN;NaN
2024-06-23;18;NaN;NaN;NaN;NaN;NaN;NaN;NaN;NaN;NaN;NaN;2024-06-23 16:00:00+00:00;NaN;NaN;NaN
2024-06-23;19;NaN;NaN;NaN;NaN;NaN;NaN;NaN;NaN;NaN;NaN;2024-06-23 17:00:00+00:00;NaN;NaN;NaN
2024-06-23;20;NaN;NaN;NaN;NaN;NaN;NaN;NaN;NaN;NaN;NaN;2024-06-23 18:00:00+00:00;NaN;NaN;NaN
2024-06-23;21;NaN;NaN;NaN;NaN;NaN;NaN;NaN;NaN;NaN;NaN;2024-06-23 19:00:00+00:00;NaN;NaN;NaN
2024-06-23;22;NaN;NaN;NaN;NaN;NaN;NaN;NaN;NaN;NaN;NaN;2024-06-23 20:00:00+00:00;NaN;NaN;NaN
2024-06-23;23;NaN;NaN;NaN;NaN;NaN;NaN;NaN;NaN;NaN;NaN;2024-06-23 21:00:00+00:00;NaN;NaN;NaN
2024-06-23;0;42.00;0.26;0.00;-0.91;0.81;2024-06-23 00:00:00+02:00;6.00;120.00;110.00;10.00;2024-06-22 22:00:00+00:00;92.00;92.00;91.00
2024-06-23;1;33.00;0.26;0.00;-0.91;0.81;2024-06-23 01:00:00+02:00;6.00;90.00;78.00;12.00;2024-06-22 23:00:00+00:00;94.00;95.00;93.00
2024-06-23;2;17.00;0.14;0.00;-0.78;0.83;2024-06-23 02:00:00+02:00;6.00;54.00;48.00;6.00;2024-06-23 00:00:00+00:00;95.00;96.00;92.00
2024-06-23;3;25.00;0.14;0.00;-0.78;0.83;2024-06-23 03:00:00+02:00;6.00;28.00;24.00;4.00;2024-06-23 01:00:00+00:00;96.00;96.00;93.00
2024-06-23;4;42.00;0.14;0.00;-0.78;0.83;2024-06-23 04:00:00+02:00;6.00;48.00;41.00;7.00;2024-06-23 02:00:00+00:00;93.00;93.00;92.00
2024-06-23;5;50.00;0.14;0.00;-0.78;0.83;2024-06-23 05:00:00+02:00;6.00;52.00;44.00;8.00;2024-06-23 03:00:00+00:00;93.00;93.00;92.00
2024-06-23;6;67.00;0.14;0.00;-0.78;0.83;2024-06-23 06:00:00+02:00;6.00;39.00;34.00;4.00;2024-06-23 04:00:00+00:00;96.00;96.00;92.00
2024-06-23;7;33.00;0.14;0.00;-0.78;0.83;2024-06-23 07:00:00+02:00;6.00;51.00;42.00;9.00;2024-06-23 05:00:00+00:00;94.00;95.00;92.00
2024-06-23;8;8.00;0.14;0.00;-0.78;0.83;2024-06-23 08:00:00+02:00;6.00;72.00;72.00;0.00;2024-06-23 06:00:00+00:00;100.00;100.00;NaN
2024-06-23;9;42.00;0.14;0.00;-0.78;0.83;2024-06-23 09:00:00+02:00;6.00;156.00;144.00;12.00;2024-06-23 07:00:00+00:00;93.00;93.00;91.00
2024-06-23;10;58.00;0.14;0.00;-0.78;0.83;2024-06-23 10:00:00+02:00;6.00;165.00;154.00;10.00;2024-06-23 08:00:00+00:00;92.00;92.00;91.00
2024-06-23;11;67.00;0.14;0.00;-0.78;0.83;2024-06-23 11:00:00+02:00;6.00;225.00;210.00;15.00;2024-06-23 09:00:00+00:00;91.00;91.00;91.00
2024-06-23;12;33.00;0.14;0.00;-0.78;0.83;2024-06-23 12:00:00+02:00;6.00;222.00;201.00;21.00;2024-06-23 10:00:00+00:00;91.00;91.00;91.00
2024-06-23;13;25.00;0.14;0.00;-0.78;0.83;2024-06-23 13:00:00+02:00;6.00;336.00;312.00;24.00;2024-06-23 11:00:00+00:00;91.00;91.00;91.00
2024-06-23;14;33.00;0.14;0.00;-0.78;0.83;2024-06-23 14:00:00+02:00;6.00;231.00;213.00;18.00;2024-06-23 12:00:00+00:00;91.00;91.00;91.00
2024-06-23;15;25.00;0.14;0.00;-0.78;0.83;2024-06-23 15:00:00+02:00;6.00;296.00;280.00;16.00;2024-06-23 13:00:00+00:00;90.00;90.00;90.00
2024-06-23;16;42.00;0.14;0.00;-0.78;0.83;2024-06-23 16:00:00+02:00;6.00;286.00;269.00;17.00;2024-06-23 14:00:00+00:00;90.00;90.00;90.00
2024-06-23;17;67.00;0.14;0.00;-0.78;0.83;2024-06-23 17:00:00+02:00;6.00;309.00;290.00;20.00;2024-06-23 15:00:00+00:00;91.00;90.00;91.00
2024-06-23;18;58.00;0.14;0.00;-0.78;0.83;2024-06-23 18:00:00+02:00;6.00;245.00;228.00;17.00;2024-06-23 16:00:00+00:00;90.00;90.00;91.00
2024-06-23;19;67.00;0.14;0.00;-0.78;0.83;2024-06-23 19:00:00+02:00;6.00;297.00;280.00;16.00;2024-06-23 17:00:00+00:00;90.00;90.00;91.00
2024-06-23;20;50.00;0.14;0.00;-0.78;0.83;2024-06-23 20:00:00+02:00;6.00;238.00;206.00;32.00;2024-06-23 18:00:00+00:00;91.00;91.00;92.00
2024-06-23;21;67.00;0.14;0.00;-0.78;0.83;2024-06-23 21:00:00+02:00;6.00;148.00;136.00;12.00;2024-06-23 19:00:00+00:00;91.00;91.00;91.00
2024-06-23;22;25.00;0.14;0.00;-0.78;0.83;2024-06-23 22:00:00+02:00;6.00;112.00;100.00;12.00;2024-06-23 20:00:00+00:00;91.00;91.00;91.00
2024-06-23;23;50.00;0.14;0.00;-0.78;0.83;2024-06-23 23:00:00+02:00;6.00;136.00;122.00;14.00;2024-06-23 21:00:00+00:00;91.00;91.00;91.00
2024-06-24;0;NaN;NaN;NaN;NaN;NaN;NaN;NaN;NaN;NaN;NaN;2024-06-23 22:00:00+00:00;NaN;NaN;NaN
2024-06-24;1;NaN;NaN;NaN;NaN;NaN;NaN;NaN;NaN;NaN;NaN;2024-06-23 23:00:00+00:00;NaN;NaN;NaN
2024-06-24;2;NaN;NaN;NaN;NaN;NaN;NaN;NaN;NaN;NaN;NaN;2024-06-24 00:00:00+00:00;NaN;NaN;NaN
2024-06-24;3;NaN;NaN;NaN;NaN;NaN;NaN;NaN;NaN;NaN;NaN;2024-06-24 01:00:00+00:00;NaN;NaN;NaN
2024-06-24;4;NaN;NaN;NaN;NaN;NaN;NaN;NaN;NaN;NaN;NaN;2024-06-24 02:00:00+00:00;NaN;NaN;NaN
2024-06-24;5;NaN;NaN;NaN;NaN;NaN;NaN;NaN;NaN;NaN;NaN;2024-06-24 03:00:00+00:00;NaN;NaN;NaN
2024-06-24;6;NaN;NaN;NaN;NaN;NaN;NaN;NaN;NaN;NaN;NaN;2024-06-24 04:00:00+00:00;NaN;NaN;NaN
2024-06-24;7;NaN;NaN;NaN;NaN;NaN;NaN;NaN;NaN;NaN;NaN;2024-06-24 05:00:00+00:00;NaN;NaN;NaN
2024-06-24;8;NaN;NaN;NaN;NaN;NaN;NaN;NaN;NaN;NaN;NaN;2024-06-24 06:00:00+00:00;NaN;NaN;NaN
2024-06-24;9;NaN;NaN;NaN;NaN;NaN;NaN;NaN;NaN;NaN;NaN;2024-06-24 07:00:00+00:00;NaN;NaN;NaN
2024-06-24;10;NaN;NaN;NaN;NaN;NaN;NaN;NaN;NaN;NaN;NaN;2024-06-24 08:00:00+00:00;NaN;NaN;NaN
2024-06-24;11;NaN;NaN;NaN;NaN;NaN;NaN;NaN;NaN;NaN;NaN;2024-06-24 09:00:00+00:00;NaN;NaN;NaN
2024-06-24;12;NaN;NaN;NaN;NaN;NaN;NaN;NaN;NaN;NaN;NaN;2024-06-24 10:00:00+00:00;NaN;NaN;NaN
2024-06-24;13;NaN;NaN;NaN;NaN;NaN;NaN;NaN;NaN;NaN;NaN;2024-06-24 11:00:00+00:00;NaN;NaN;NaN
2024-06-24;14;NaN;NaN;NaN;NaN;NaN;NaN;NaN;NaN;NaN;NaN;2024-06-24 12:00:00+00:00;NaN;NaN;NaN
2024-06-24;15;NaN;NaN;NaN;NaN;NaN;NaN;NaN;NaN;NaN;NaN;2024-06-24 13:00:00+00:00;NaN;NaN;NaN
2024-06-24;16;NaN;NaN;NaN;NaN;NaN;NaN;NaN;NaN;NaN;NaN;2024-06-24 14:00:00+00:00;NaN;NaN;NaN
2024-06-24;17;NaN;NaN;NaN;NaN;NaN;NaN;NaN;NaN;NaN;NaN;2024-06-24 15:00:00+00:00;NaN;NaN;NaN
2024-06-24;18;NaN;NaN;NaN;NaN;NaN;NaN;NaN;NaN;NaN;NaN;2024-06-24 16:00:00+00:00;NaN;NaN;NaN
2024-06-24;19;NaN;NaN;NaN;NaN;NaN;NaN;NaN;NaN;NaN;NaN;2024-06-24 17:00:00+00:00;NaN;NaN;NaN
2024-06-24;20;NaN;NaN;NaN;NaN;NaN;NaN;NaN;NaN;NaN;NaN;2024-06-24 18:00:00+00:00;NaN;NaN;NaN
2024-06-24;21;NaN;NaN;NaN;NaN;NaN;NaN;NaN;NaN;NaN;NaN;2024-06-24 19:00:00+00:00;NaN;NaN;NaN
2024-06-24;22;NaN;NaN;NaN;NaN;NaN;NaN;NaN;NaN;NaN;NaN;2024-06-24 20:00:00+00:00;NaN;NaN;NaN
2024-06-24;23;NaN;NaN;NaN;NaN;NaN;NaN;NaN;NaN;NaN;NaN;2024-06-24 21:00:00+00:00;NaN;NaN;NaN
2024-06-24;0;50.00;0.14;0.00;-0.78;0.83;2024-06-24 00:00:00+02:00;6.00;70.00;58.00;12.00;2024-06-23 22:00:00+00:00;93.00;93.00;92.00
2024-06-24;1;17.00;0.14;0.00;-0.78;0.83;2024-06-24 01:00:00+02:00;6.00;48.00;36.00;12.00;2024-06-23 23:00:00+00:00;93.00;92.00;94.00
2024-06-24;2;8.00;0.49;0.00;2.32;0.93;2024-06-24 02:00:00+02:00;6.00;48.00;36.00;12.00;2024-06-24 00:00:00+00:00;93.00;93.00;93.00
2024-06-24;3;50.00;0.49;0.00;2.32;0.93;2024-06-24 03:00:00+02:00;6.00;14.00;12.00;2.00;2024-06-24 01:00:00+00:00;96.00;97.00;93.00
2024-06-24;4;42.00;0.49;0.00;2.32;0.93;2024-06-24 04:00:00+02:00;6.00;36.00;29.00;7.00;2024-06-24 02:00:00+00:00;94.00;94.00;92.00
2024-06-24;5;42.00;0.49;0.00;2.32;0.93;2024-06-24 05:00:00+02:00;6.00;144.00;122.00;22.00;2024-06-24 03:00:00+00:00;92.00;92.00;92.00
2024-06-24;6;58.00;0.49;0.00;2.32;0.93;2024-06-24 06:00:00+02:00;6.00;271.00;249.00;22.00;2024-06-24 04:00:00+00:00;91.00;91.00;91.00
2024-06-24;7;42.00;0.49;0.00;2.32;0.93;2024-06-24 07:00:00+02:00;6.00;451.00;415.00;36.00;2024-06-24 05:00:00+00:00;91.00;91.00;91.00
2024-06-24;8;50.00;0.49;0.00;2.32;0.93;2024-06-24 08:00:00+02:00;6.00;606.00;580.00;26.00;2024-06-24 06:00:00+00:00;90.00;90.00;90.00
2024-06-24;9;17.00;0.49;0.00;2.32;0.93;2024-06-24 09:00:00+02:00;6.00;576.00;546.00;30.00;2024-06-24 07:00:00+00:00;91.00;91.00;91.00
2024-06-24;10;33.00;0.49;0.00;2.32;0.93;2024-06-24 10:00:00+02:00;6.00;483.00;453.00;30.00;2024-06-24 08:00:00+00:00;91.00;91.00;91.00
2024-06-25;0;NaN;NaN;NaN;NaN;NaN;NaN;NaN;NaN;NaN;NaN;2024-06-24 22:00:00+00:00;NaN;NaN;NaN
2024-06-25;1;NaN;NaN;NaN;NaN;NaN;NaN;NaN;NaN;NaN;NaN;2024-06-24 23:00:00+00:00;NaN;NaN;NaN
2024-06-25;2;NaN;NaN;NaN;NaN;NaN;NaN;NaN;NaN;NaN;NaN;2024-06-25 00:00:00+00:00;NaN;NaN;NaN
2024-06-25;3;NaN;NaN;NaN;NaN;NaN;NaN;NaN;NaN;NaN;NaN;2024-06-25 01:00:00+00:00;NaN;NaN;NaN
2024-06-25;4;NaN;NaN;NaN;NaN;NaN;NaN;NaN;NaN;NaN;NaN;2024-06-25 02:00:00+00:00;NaN;NaN;NaN
2024-06-25;5;NaN;NaN;NaN;NaN;NaN;NaN;NaN;NaN;NaN;NaN;2024-06-25 03:00:00+00:00;NaN;NaN;NaN
2024-06-25;6;NaN;NaN;NaN;NaN;NaN;NaN;NaN;NaN;NaN;NaN;2024-06-25 04:00:00+00:00;NaN;NaN;NaN
2024-06-25;7;NaN;NaN;NaN;NaN;NaN;NaN;NaN;NaN;NaN;NaN;2024-06-25 05:00:00+00:00;NaN;NaN;NaN
2024-06-25;8;NaN;NaN;NaN;NaN;NaN;NaN;NaN;NaN;NaN;NaN;2024-06-25 06:00:00+00:00;NaN;NaN;NaN
2024-06-25;9;NaN;NaN;NaN;NaN;NaN;NaN;NaN;NaN;NaN;NaN;2024-06-25 07:00:00+00:00;NaN;NaN;NaN
2024-06-25;10;NaN;NaN;NaN;NaN;NaN;NaN;NaN;NaN;NaN;NaN;2024-06-25 08:00:00+00:00;NaN;NaN;NaN
2024-06-25;11;NaN;NaN;NaN;NaN;NaN;NaN;NaN;NaN;NaN;NaN;2024-06-25 09:00:00+00:00;NaN;NaN;NaN
2024-06-25;12;NaN;NaN;NaN;NaN;NaN;NaN;NaN;NaN;NaN;NaN;2024-06-25 10:00:00+00:00;NaN;NaN;NaN
2024-06-25;13;NaN;NaN;NaN;NaN;NaN;NaN;NaN;NaN;NaN;NaN;2024-06-25 11:00:00+00:00;NaN;NaN;NaN
2024-06-25;14;NaN;NaN;NaN;NaN;NaN;NaN;NaN;NaN;NaN;NaN;2024-06-25 12:00:00+00:00;NaN;NaN;NaN
2024-06-25;15;NaN;NaN;NaN;NaN;NaN;NaN;NaN;NaN;NaN;NaN;2024-06-25 13:00:00+00:00;NaN;NaN;NaN
2024-06-25;16;NaN;NaN;NaN;NaN;NaN;NaN;NaN;NaN;NaN;NaN;2024-06-25 14:00:00+00:00;NaN;NaN;NaN
2024-06-25;17;NaN;NaN;NaN;NaN;NaN;NaN;NaN;NaN;NaN;NaN;2024-06-25 15:00:00+00:00;NaN;NaN;NaN
2024-06-25;18;NaN;NaN;NaN;NaN;NaN;NaN;NaN;NaN;NaN;NaN;2024-06-25 16:00:00+00:00;NaN;NaN;NaN
2024-06-25;19;NaN;NaN;NaN;NaN;NaN;NaN;NaN;NaN;NaN;NaN;2024-06-25 17:00:00+00:00;NaN;NaN;NaN
2024-06-25;20;NaN;NaN;NaN;NaN;NaN;NaN;NaN;NaN;NaN;NaN;2024-06-25 18:00:00+00:00;NaN;NaN;NaN
2024-06-25;21;NaN;NaN;NaN;NaN;NaN;NaN;NaN;NaN;NaN;NaN;2024-06-25 19:00:00+00:00;NaN;NaN;NaN
2024-06-25;22;NaN;NaN;NaN;NaN;NaN;NaN;NaN;NaN;NaN;NaN;2024-06-25 20:00:00+00:00;NaN;NaN;NaN
2024-06-25;23;NaN;NaN;NaN;NaN;NaN;NaN;NaN;NaN;NaN;NaN;2024-06-25 21:00:00+00:00;NaN;NaN;NaN
2024-06-25;7;42.00;-0.91;-2.82;-3.14;0.38;2024-06-25 07:00:00+02:00;6.00;545.00;514.00;31.00;2024-06-25 05:00:00+00:00;91.00;91.00;91.00
2024-06-25;8;17.00;-0.91;-2.82;-3.14;0.38;2024-06-25 08:00:00+02:00;6.00;612.00;576.00;36.00;2024-06-25 06:00:00+00:00;90.00;90.00;91.00
2024-06-26;0;NaN;NaN;NaN;NaN;NaN;NaN;NaN;NaN;NaN;NaN;2024-06-25 22:00:00+00:00;NaN;NaN;NaN
2024-06-26;1;NaN;NaN;NaN;NaN;NaN;NaN;NaN;NaN;NaN;NaN;2024-06-25 23:00:00+00:00;NaN;NaN;NaN
2024-06-26;2;NaN;NaN;NaN;NaN;NaN;NaN;NaN;NaN;NaN;NaN;2024-06-26 00:00:00+00:00;NaN;NaN;NaN
2024-06-26;3;NaN;NaN;NaN;NaN;NaN;NaN;NaN;NaN;NaN;NaN;2024-06-26 01:00:00+00:00;NaN;NaN;NaN
2024-06-26;4;NaN;NaN;NaN;NaN;NaN;NaN;NaN;NaN;NaN;NaN;2024-06-26 02:00:00+00:00;NaN;NaN;NaN
2024-06-26;5;NaN;NaN;NaN;NaN;NaN;NaN;NaN;NaN;NaN;NaN;2024-06-26 03:00:00+00:00;NaN;NaN;NaN
2024-06-26;6;NaN;NaN;NaN;NaN;NaN;NaN;NaN;NaN;NaN;NaN;2024-06-26 04:00:00+00:00;NaN;NaN;NaN
2024-06-26;7;NaN;NaN;NaN;NaN;NaN;NaN;NaN;NaN;NaN;NaN;2024-06-26 05:00:00+00:00;NaN;NaN;NaN
2024-06-26;8;NaN;NaN;NaN;NaN;NaN;NaN;NaN;NaN;NaN;NaN;2024-06-26 06:00:00+00:00;NaN;NaN;NaN
2024-06-26;9;NaN;NaN;NaN;NaN;NaN;NaN;NaN;NaN;NaN;NaN;2024-06-26 07:00:00+00:00;NaN;NaN;NaN
2024-06-26;10;NaN;NaN;NaN;NaN;NaN;NaN;NaN;NaN;NaN;NaN;2024-06-26 08:00:00+00:00;NaN;NaN;NaN
2024-06-26;11;NaN;NaN;NaN;NaN;NaN;NaN;NaN;NaN;NaN;NaN;2024-06-26 09:00:00+00:00;NaN;NaN;NaN
2024-06-26;12;NaN;NaN;NaN;NaN;NaN;NaN;NaN;NaN;NaN;NaN;2024-06-26 10:00:00+00:00;NaN;NaN;NaN
2024-06-26;13;NaN;NaN;NaN;NaN;NaN;NaN;NaN;NaN;NaN;NaN;2024-06-26 11:00:00+00:00;NaN;NaN;NaN
2024-06-26;14;NaN;NaN;NaN;NaN;NaN;NaN;NaN;NaN;NaN;NaN;2024-06-26 12:00:00+00:00;NaN;NaN;NaN
2024-06-26;15;NaN;NaN;NaN;NaN;NaN;NaN;NaN;NaN;NaN;NaN;2024-06-26 13:00:00+00:00;NaN;NaN;NaN
2024-06-26;16;NaN;NaN;NaN;NaN;NaN;NaN;NaN;NaN;NaN;NaN;2024-06-26 14:00:00+00:00;NaN;NaN;NaN
2024-06-26;17;NaN;NaN;NaN;NaN;NaN;NaN;NaN;NaN;NaN;NaN;2024-06-26 15:00:00+00:00;NaN;NaN;NaN
2024-06-26;18;NaN;NaN;NaN;NaN;NaN;NaN;NaN;NaN;NaN;NaN;2024-06-26 16:00:00+00:00;NaN;NaN;NaN
2024-06-26;19;NaN;NaN;NaN;NaN;NaN;NaN;NaN;NaN;NaN;NaN;2024-06-26 17:00:00+00:00;NaN;NaN;NaN
2024-06-26;20;NaN;NaN;NaN;NaN;NaN;NaN;NaN;NaN;NaN;NaN;2024-06-26 18:00:00+00:00;NaN;NaN;NaN
2024-06-26;21;NaN;NaN;NaN;NaN;NaN;NaN;NaN;NaN;NaN;NaN;2024-06-26 19:00:00+00:00;NaN;NaN;NaN
2024-06-26;22;NaN;NaN;NaN;NaN;NaN;NaN;NaN;NaN;NaN;NaN;2024-06-26 20:00:00+00:00;NaN;NaN;NaN
2024-06-26;23;NaN;NaN;NaN;NaN;NaN;NaN;NaN;NaN;NaN;NaN;2024-06-26 21:00:00+00:00;NaN;NaN;NaN
2024-06-26;6;33.00;-0.06;0.00;-0.44;0.81;2024-06-26 06:00:00+02:00;6.00;276.00;261.00;15.00;2024-06-26 04:00:00+00:00;90.00;90.00;91.00
2024-06-26;7;58.00;-0.06;0.00;-0.44;0.81;2024-06-26 07:00:00+02:00;6.00;399.00;377.00;22.00;2024-06-26 05:00:00+00:00;90.00;90.00;90.00
2024-06-26;8;58.00;-0.06;0.00;-0.44;0.81;2024-06-26 08:00:00+02:00;6.00;607.00;567.00;39.00;2024-06-26 06:00:00+00:00;91.00;91.00;91.00
2024-06-27;0;NaN;NaN;NaN;NaN;NaN;NaN;NaN;NaN;NaN;NaN;2024-06-26 22:00:00+00:00;NaN;NaN;NaN
2024-06-27;1;NaN;NaN;NaN;NaN;NaN;NaN;NaN;NaN;NaN;NaN;2024-06-26 23:00:00+00:00;NaN;NaN;NaN
2024-06-27;2;NaN;NaN;NaN;NaN;NaN;NaN;NaN;NaN;NaN;NaN;2024-06-27 00:00:00+00:00;NaN;NaN;NaN
2024-06-27;3;NaN;NaN;NaN;NaN;NaN;NaN;NaN;NaN;NaN;NaN;2024-06-27 01:00:00+00:00;NaN;NaN;NaN
2024-06-27;4;NaN;NaN;NaN;NaN;NaN;NaN;NaN;NaN;NaN;NaN;2024-06-27 02:00:00+00:00;NaN;NaN;NaN
2024-06-27;5;NaN;NaN;NaN;NaN;NaN;NaN;NaN;NaN;NaN;NaN;2024-06-27 03:00:00+00:00;NaN;NaN;NaN
2024-06-27;6;NaN;NaN;NaN;NaN;NaN;NaN;NaN;NaN;NaN;NaN;2024-06-27 04:00:00+00:00;NaN;NaN;NaN
2024-06-27;7;NaN;NaN;NaN;NaN;NaN;NaN;NaN;NaN;NaN;NaN;2024-06-27 05:00:00+00:00;NaN;NaN;NaN
2024-06-27;8;NaN;NaN;NaN;NaN;NaN;NaN;NaN;NaN;NaN;NaN;2024-06-27 06:00:00+00:00;NaN;NaN;NaN
2024-06-27;9;NaN;NaN;NaN;NaN;NaN;NaN;NaN;NaN;NaN;NaN;2024-06-27 07:00:00+00:00;NaN;NaN;NaN
2024-06-27;10;NaN;NaN;NaN;NaN;NaN;NaN;NaN;NaN;NaN;NaN;2024-06-27 08:00:00+00:00;NaN;NaN;NaN
2024-06-27;11;NaN;NaN;NaN;NaN;NaN;NaN;NaN;NaN;NaN;NaN;2024-06-27 09:00:00+00:00;NaN;NaN;NaN
2024-06-27;12;NaN;NaN;NaN;NaN;NaN;NaN;NaN;NaN;NaN;NaN;2024-06-27 10:00:00+00:00;NaN;NaN;NaN
2024-06-27;13;NaN;NaN;NaN;NaN;NaN;NaN;NaN;NaN;NaN;NaN;2024-06-27 11:00:00+00:00;NaN;NaN;NaN
2024-06-27;14;NaN;NaN;NaN;NaN;NaN;NaN;NaN;NaN;NaN;NaN;2024-06-27 12:00:00+00:00;NaN;NaN;NaN
2024-06-27;15;NaN;NaN;NaN;NaN;NaN;NaN;NaN;NaN;NaN;NaN;2024-06-27 13:00:00+00:00;NaN;NaN;NaN
2024-06-27;16;NaN;NaN;NaN;NaN;NaN;NaN;NaN;NaN;NaN;NaN;2024-06-27 14:00:00+00:00;NaN;NaN;NaN
2024-06-27;17;NaN;NaN;NaN;NaN;NaN;NaN;NaN;NaN;NaN;NaN;2024-06-27 15:00:00+00:00;NaN;NaN;NaN
2024-06-27;18;NaN;NaN;NaN;NaN;NaN;NaN;NaN;NaN;NaN;NaN;2024-06-27 16:00:00+00:00;NaN;NaN;NaN
2024-06-27;19;NaN;NaN;NaN;NaN;NaN;NaN;NaN;NaN;NaN;NaN;2024-06-27 17:00:00+00:00;NaN;NaN;NaN
2024-06-27;20;NaN;NaN;NaN;NaN;NaN;NaN;NaN;NaN;NaN;NaN;2024-06-27 18:00:00+00:00;NaN;NaN;NaN
2024-06-27;21;NaN;NaN;NaN;NaN;NaN;NaN;NaN;NaN;NaN;NaN;2024-06-27 19:00:00+00:00;NaN;NaN;NaN
2024-06-27;22;NaN;NaN;NaN;NaN;NaN;NaN;NaN;NaN;NaN;NaN;2024-06-27 20:00:00+00:00;NaN;NaN;NaN
2024-06-27;23;NaN;NaN;NaN;NaN;NaN;NaN;NaN;NaN;NaN;NaN;2024-06-27 21:00:00+00:00;NaN;NaN;NaN
2024-06-27;13;25.00;0.47;-2.82;1.94;0.97;2024-06-27 13:00:00+02:00;6.00;444.00;428.00;16.00;2024-06-27 11:00:00+00:00;90.00;90.00;90.00
2024-06-27;14;50.00;0.47;-2.82;1.94;0.97;2024-06-27 14:00:00+02:00;6.00;458.00;432.00;26.00;2024-06-27 12:00:00+00:00;91.00;90.00;91.00
2024-06-28;0;NaN;NaN;NaN;NaN;NaN;NaN;NaN;NaN;NaN;NaN;2024-06-27 22:00:00+00:00;NaN;NaN;NaN
2024-06-28;1;NaN;NaN;NaN;NaN;NaN;NaN;NaN;NaN;NaN;NaN;2024-06-27 23:00:00+00:00;NaN;NaN;NaN
2024-06-28;2;NaN;NaN;NaN;NaN;NaN;NaN;NaN;NaN;NaN;NaN;2024-06-28 00:00:00+00:00;NaN;NaN;NaN
2024-06-28;3;NaN;NaN;NaN;NaN;NaN;NaN;NaN;NaN;NaN;NaN;2024-06-28 01:00:00+00:00;NaN;NaN;NaN
2024-06-28;4;NaN;NaN;NaN;NaN;NaN;NaN;NaN;NaN;NaN;NaN;2024-06-28 02:00:00+00:00;NaN;NaN;NaN
2024-06-28;5;NaN;NaN;NaN;NaN;NaN;NaN;NaN;NaN;NaN;NaN;2024-06-28 03:00:00+00:00;NaN;NaN;NaN
2024-06-28;6;NaN;NaN;NaN;NaN;NaN;NaN;NaN;NaN;NaN;NaN;2024-06-28 04:00:00+00:00;NaN;NaN;NaN
2024-06-28;7;NaN;NaN;NaN;NaN;NaN;NaN;NaN;NaN;NaN;NaN;2024-06-28 05:00:00+00:00;NaN;NaN;NaN
2024-06-28;8;NaN;NaN;NaN;NaN;NaN;NaN;NaN;NaN;NaN;NaN;2024-06-28 06:00:00+00:00;NaN;NaN;NaN
2024-06-28;9;NaN;NaN;NaN;NaN;NaN;NaN;NaN;NaN;NaN;NaN;2024-06-28 07:00:00+00:00;NaN;NaN;NaN
2024-06-28;10;NaN;NaN;NaN;NaN;NaN;NaN;NaN;NaN;NaN;NaN;2024-06-28 08:00:00+00:00;NaN;NaN;NaN
2024-06-28;11;NaN;NaN;NaN;NaN;NaN;NaN;NaN;NaN;NaN;NaN;2024-06-28 09:00:00+00:00;NaN;NaN;NaN
2024-06-28;12;NaN;NaN;NaN;NaN;NaN;NaN;NaN;NaN;NaN;NaN;2024-06-28 10:00:00+00:00;NaN;NaN;NaN
2024-06-28;13;NaN;NaN;NaN;NaN;NaN;NaN;NaN;NaN;NaN;NaN;2024-06-28 11:00:00+00:00;NaN;NaN;NaN
2024-06-28;14;NaN;NaN;NaN;NaN;NaN;NaN;NaN;NaN;NaN;NaN;2024-06-28 12:00:00+00:00;NaN;NaN;NaN
2024-06-28;15;NaN;NaN;NaN;NaN;NaN;NaN;NaN;NaN;NaN;NaN;2024-06-28 13:00:00+00:00;NaN;NaN;NaN
2024-06-28;16;NaN;NaN;NaN;NaN;NaN;NaN;NaN;NaN;NaN;NaN;2024-06-28 14:00:00+00:00;NaN;NaN;NaN
2024-06-28;17;NaN;NaN;NaN;NaN;NaN;NaN;NaN;NaN;NaN;NaN;2024-06-28 15:00:00+00:00;NaN;NaN;NaN
2024-06-28;18;NaN;NaN;NaN;NaN;NaN;NaN;NaN;NaN;NaN;NaN;2024-06-28 16:00:00+00:00;NaN;NaN;NaN
2024-06-28;19;NaN;NaN;NaN;NaN;NaN;NaN;NaN;NaN;NaN;NaN;2024-06-28 17:00:00+00:00;NaN;NaN;NaN
2024-06-28;20;NaN;NaN;NaN;NaN;NaN;NaN;NaN;NaN;NaN;NaN;2024-06-28 18:00:00+00:00;NaN;NaN;NaN
2024-06-28;21;NaN;NaN;NaN;NaN;NaN;NaN;NaN;NaN;NaN;NaN;2024-06-28 19:00:00+00:00;NaN;NaN;NaN
2024-06-28;22;NaN;NaN;NaN;NaN;NaN;NaN;NaN;NaN;NaN;NaN;2024-06-28 20:00:00+00:00;NaN;NaN;NaN
2024-06-28;23;NaN;NaN;NaN;NaN;NaN;NaN;NaN;NaN;NaN;NaN;2024-06-28 21:00:00+00:00;NaN;NaN;NaN
2024-06-28;1;50.00;0.47;-2.82;1.94;0.97;2024-06-28 01:00:00+02:00;6.00;48.00;40.00;8.00;2024-06-27 23:00:00+00:00;95.00;96.00;93.00
2024-06-28;2;58.00;0.46;0.00;1.50;0.96;2024-06-28 02:00:00+02:00;6.00;41.00;36.00;5.00;2024-06-28 00:00:00+00:00;96.00;97.00;93.00
2024-06-28;3;58.00;0.46;0.00;1.50;0.96;2024-06-28 03:00:00+02:00;6.00;29.00;26.00;3.00;2024-06-28 01:00:00+00:00;98.00;98.00;96.00
2024-06-28;4;42.00;0.46;0.00;1.50;0.96;2024-06-28 04:00:00+02:00;6.00;55.00;50.00;5.00;2024-06-28 02:00:00+00:00;95.00;96.00;92.00
2024-06-28;5;42.00;0.46;0.00;1.50;0.96;2024-06-28 05:00:00+02:00;6.00;127.00;118.00;10.00;2024-06-28 03:00:00+00:00;92.00;92.00;91.00
2024-06-28;6;42.00;0.46;0.00;1.50;0.96;2024-06-28 06:00:00+02:00;6.00;264.00;240.00;24.00;2024-06-28 04:00:00+00:00;91.00;91.00;91.00
2024-06-28;7;50.00;0.46;0.00;1.50;0.96;2024-06-28 07:00:00+02:00;6.00;404.00;388.00;16.00;2024-06-28 05:00:00+00:00;90.00;90.00;90.00
2024-06-28;8;58.00;0.46;0.00;1.50;0.96;2024-06-28 08:00:00+02:00;6.00;566.00;543.00;22.00;2024-06-28 06:00:00+00:00;90.00;90.00;90.00
2024-06-28;9;17.00;0.46;0.00;1.50;0.96;2024-06-28 09:00:00+02:00;6.00;582.00;540.00;42.00;2024-06-28 07:00:00+00:00;91.00;91.00;91.00
2024-06-29;0;NaN;NaN;NaN;NaN;NaN;NaN;NaN;NaN;NaN;NaN;2024-06-28 22:00:00+00:00;NaN;NaN;NaN
2024-06-29;1;NaN;NaN;NaN;NaN;NaN;NaN;NaN;NaN;NaN;NaN;2024-06-28 23:00:00+00:00;NaN;NaN;NaN
2024-06-29;2;NaN;NaN;NaN;NaN;NaN;NaN;NaN;NaN;NaN;NaN;2024-06-29 00:00:00+00:00;NaN;NaN;NaN
2024-06-29;3;NaN;NaN;NaN;NaN;NaN;NaN;NaN;NaN;NaN;NaN;2024-06-29 01:00:00+00:00;NaN;NaN;NaN
2024-06-29;4;NaN;NaN;NaN;NaN;NaN;NaN;NaN;NaN;NaN;NaN;2024-06-29 02:00:00+00:00;NaN;NaN;NaN
2024-06-29;5;NaN;NaN;NaN;NaN;NaN;NaN;NaN;NaN;NaN;NaN;2024-06-29 03:00:00+00:00;NaN;NaN;NaN
2024-06-29;6;NaN;NaN;NaN;NaN;NaN;NaN;NaN;NaN;NaN;NaN;2024-06-29 04:00:00+00:00;NaN;NaN;NaN
2024-06-29;7;NaN;NaN;NaN;NaN;NaN;NaN;NaN;NaN;NaN;NaN;2024-06-29 05:00:00+00:00;NaN;NaN;NaN
2024-06-29;8;NaN;NaN;NaN;NaN;NaN;NaN;NaN;NaN;NaN;NaN;2024-06-29 06:00:00+00:00;NaN;NaN;NaN
2024-06-29;9;NaN;NaN;NaN;NaN;NaN;NaN;NaN;NaN;NaN;NaN;2024-06-29 07:00:00+00:00;NaN;NaN;NaN
2024-06-29;10;NaN;NaN;NaN;NaN;NaN;NaN;NaN;NaN;NaN;NaN;2024-06-29 08:00:00+00:00;NaN;NaN;NaN
2024-06-29;11;NaN;NaN;NaN;NaN;NaN;NaN;NaN;NaN;NaN;NaN;2024-06-29 09:00:00+00:00;NaN;NaN;NaN
2024-06-29;12;NaN;NaN;NaN;NaN;NaN;NaN;NaN;NaN;NaN;NaN;2024-06-29 10:00:00+00:00;NaN;NaN;NaN
2024-06-29;13;NaN;NaN;NaN;NaN;NaN;NaN;NaN;NaN;NaN;NaN;2024-06-29 11:00:00+00:00;NaN;NaN;NaN
2024-06-29;14;NaN;NaN;NaN;NaN;NaN;NaN;NaN;NaN;NaN;NaN;2024-06-29 12:00:00+00:00;NaN;NaN;NaN
2024-06-29;15;NaN;NaN;NaN;NaN;NaN;NaN;NaN;NaN;NaN;NaN;2024-06-29 13:00:00+00:00;NaN;NaN;NaN
2024-06-29;16;NaN;NaN;NaN;NaN;NaN;NaN;NaN;NaN;NaN;NaN;2024-06-29 14:00:00+00:00;NaN;NaN;NaN
2024-06-29;17;NaN;NaN;NaN;NaN;NaN;NaN;NaN;NaN;NaN;NaN;2024-06-29 15:00:00+00:00;NaN;NaN;NaN
2024-06-29;18;NaN;NaN;NaN;NaN;NaN;NaN;NaN;NaN;NaN;NaN;2024-06-29 16:00:00+00:00;NaN;NaN;NaN
2024-06-29;19;NaN;NaN;NaN;NaN;NaN;NaN;NaN;NaN;NaN;NaN;2024-06-29 17:00:00+00:00;NaN;NaN;NaN
2024-06-29;20;NaN;NaN;NaN;NaN;NaN;NaN;NaN;NaN;NaN;NaN;2024-06-29 18:00:00+00:00;NaN;NaN;NaN
2024-06-29;21;NaN;NaN;NaN;NaN;NaN;NaN;NaN;NaN;NaN;NaN;2024-06-29 19:00:00+00:00;NaN;NaN;NaN
2024-06-29;22;NaN;NaN;NaN;NaN;NaN;NaN;NaN;NaN;NaN;NaN;2024-06-29 20:00:00+00:00;NaN;NaN;NaN
2024-06-30;0;NaN;NaN;NaN;NaN;NaN;NaN;NaN;NaN;NaN;NaN;2024-06-29 22:00:00+00:00;NaN;NaN;NaN
2024-06-30;1;NaN;NaN;NaN;NaN;NaN;NaN;NaN;NaN;NaN;NaN;2024-06-29 23:00:00+00:00;NaN;NaN;NaN
2024-06-30;2;NaN;NaN;NaN;NaN;NaN;NaN;NaN;NaN;NaN;NaN;2024-06-30 00:00:00+00:00;NaN;NaN;NaN
2024-06-30;3;NaN;NaN;NaN;NaN;NaN;NaN;NaN;NaN;NaN;NaN;2024-06-30 01:00:00+00:00;NaN;NaN;NaN
2024-06-30;4;NaN;NaN;NaN;NaN;NaN;NaN;NaN;NaN;NaN;NaN;2024-06-30 02:00:00+00:00;NaN;NaN;NaN
2024-06-30;5;NaN;NaN;NaN;NaN;NaN;NaN;NaN;NaN;NaN;NaN;2024-06-30 03:00:00+00:00;NaN;NaN;NaN
2024-06-30;6;NaN;NaN;NaN;NaN;NaN;NaN;NaN;NaN;NaN;NaN;2024-06-30 04:00:00+00:00;NaN;NaN;NaN
2024-06-30;7;NaN;NaN;NaN;NaN;NaN;NaN;NaN;NaN;NaN;NaN;2024-06-30 05:00:00+00:00;NaN;NaN;NaN
2024-06-30;8;NaN;NaN;NaN;NaN;NaN;NaN;NaN;NaN;NaN;NaN;2024-06-30 06:00:00+00:00;NaN;NaN;NaN
2024-06-30;9;NaN;NaN;NaN;NaN;NaN;NaN;NaN;NaN;NaN;NaN;2024-06-30 07:00:00+00:00;NaN;NaN;NaN
2024-06-30;10;NaN;NaN;NaN;NaN;NaN;NaN;NaN;NaN;NaN;NaN;2024-06-30 08:00:00+00:00;NaN;NaN;NaN
2024-06-30;11;NaN;NaN;NaN;NaN;NaN;NaN;NaN;NaN;NaN;NaN;2024-06-30 09:00:00+00:00;NaN;NaN;NaN
2024-06-30;12;NaN;NaN;NaN;NaN;NaN;NaN;NaN;NaN;NaN;NaN;2024-06-30 10:00:00+00:00;NaN;NaN;NaN
2024-06-30;13;NaN;NaN;NaN;NaN;NaN;NaN;NaN;NaN;NaN;NaN;2024-06-30 11:00:00+00:00;NaN;NaN;NaN
2024-06-30;14;NaN;NaN;NaN;NaN;NaN;NaN;NaN;NaN;NaN;NaN;2024-06-30 12:00:00+00:00;NaN;NaN;NaN
2024-06-30;15;NaN;NaN;NaN;NaN;NaN;NaN;NaN;NaN;NaN;NaN;2024-06-30 13:00:00+00:00;NaN;NaN;NaN
2024-06-30;16;NaN;NaN;NaN;NaN;NaN;NaN;NaN;NaN;NaN;NaN;2024-06-30 14:00:00+00:00;NaN;NaN;NaN
2024-06-30;17;NaN;NaN;NaN;NaN;NaN;NaN;NaN;NaN;NaN;NaN;2024-06-30 15:00:00+00:00;NaN;NaN;NaN
2024-06-30;18;NaN;NaN;NaN;NaN;NaN;NaN;NaN;NaN;NaN;NaN;2024-06-30 16:00:00+00:00;NaN;NaN;NaN
2024-06-30;19;NaN;NaN;NaN;NaN;NaN;NaN;NaN;NaN;NaN;NaN;2024-06-30 17:00:00+00:00;NaN;NaN;NaN
2024-06-30;20;NaN;NaN;NaN;NaN;NaN;NaN;NaN;NaN;NaN;NaN;2024-06-30 18:00:00+00:00;NaN;NaN;NaN
2024-06-30;21;NaN;NaN;NaN;NaN;NaN;NaN;NaN;NaN;NaN;NaN;2024-06-30 19:00:00+00:00;NaN;NaN;NaN
2024-06-30;22;NaN;NaN;NaN;NaN;NaN;NaN;NaN;NaN;NaN;NaN;2024-06-30 20:00:00+00:00;NaN;NaN;NaN
2024-06-30;23;NaN;NaN;NaN;NaN;NaN;NaN;NaN;NaN;NaN;NaN;2024-06-30 21:00:00+00:00;NaN;NaN;NaN
2024-06-30;8;42.00;0.16;0.00;2.41;0.93;2024-06-30 08:00:00+02:00;6.00;84.00;74.00;10.00;2024-06-30 06:00:00+00:00;94.00;94.00;92.00
2024-06-30;9;17.00;0.16;0.00;2.41;0.93;2024-06-30 09:00:00+02:00;6.00;144.00;132.00;12.00;2024-06-30 07:00:00+00:00;91.00;91.00;91.00
2024-06-30;10;17.00;0.16;0.00;2.41;0.93;2024-06-30 10:00:00+02:00;6.00;180.00;168.00;12.00;2024-06-30 08:00:00+00:00;90.00;90.00;90.00
2024-06-30;11;17.00;0.16;0.00;2.41;0.93;2024-06-30 11:00:00+02:00;6.00;276.00;264.00;12.00;2024-06-30 09:00:00+00:00;90.00;90.00;90.00
2024-06-30;12;17.00;0.16;0.00;2.41;0.93;2024-06-30 12:00:00+02:00;6.00;240.00;222.00;18.00;2024-06-30 10:00:00+00:00;90.00;90.00;91.00
2024-06-30;17;42.00;0.16;0.00;2.41;0.93;2024-06-30 17:00:00+02:00;6.00;329.00;310.00;19.00;2024-06-30 15:00:00+00:00;90.00;90.00;91.00
2024-06-30;18;8.00;0.16;0.00;2.41;0.93;2024-06-30 18:00:00+02:00;6.00;336.00;324.00;12.00;2024-06-30 16:00:00+00:00;90.00;90.00;90.00
